1.38118
0.823563
0.565611
0.428684
0.348581
0.297051
0.25984
0.229529
0.203129
0.17997
0.160844
0.146275
0.13599
0.128602
0.122269
0.115617
0.108198
0.100429
0.0933283
0.0878366
0.08425
0.0819951
0.0800315
0.0774325
0.0739012
0.0697192
0.0656874
0.0626612
0.0609353
0.0602152
0.0596586
0.0584525
0.0563134
0.0534642
0.0506384
0.0485766
0.0476779
0.0476525
0.0477459
0.0472138
0.0457097
0.0434643
0.0411319
0.039537
0.0390849
0.039552
0.0401023
0.0399812
0.0387839
0.0367324
0.034551
0.0331472
0.0330548
0.0340206
0.0350828
0.0352861
0.0342107
0.032017
0.0295818
0.028142
0.0285365
0.030401
0.0323545
0.0331253
0.0319865
0.0289963
0.0253088
0.0233043
0.0253492
0.0308804
0.0372486
0.0421069
0.0435686
0.0384516
0.0753716
0.0546955
0.0384145
0.0267025
0.0173704
0.0134083
0.0159872
0.0202092
0.0229952
0.0236291
0.0223383
0.0199791
0.0177939
0.0169802
0.0177827
0.0192715
0.0203822
0.0205346
0.0197044
0.0183501
0.0171427
0.0167156
0.0171325
0.0179644
0.018561
0.0185548
0.0179332
0.0169786
0.0161794
0.0158955
0.0161815
0.0167146
0.0170804
0.0170001
0.0164938
0.0157849
0.015208
0.0150431
0.0152466
0.0156252
0.0158381
0.0157339
0.0152949
0.0147476
0.0143203
0.0142119
0.0143783
0.0146406
0.0147653
0.0146487
0.0142718
0.0138263
0.013504
0.0134429
0.0135721
0.0137544
0.013837
0.0136969
0.0133886
0.0130267
0.0127634
0.012742
0.0128543
0.0129895
0.0130125
0.012866
0.0126078
0.0123036
0.0121612
0.0121061
0.0122082
0.0123059
0.0123113
0.0122004
0.0119623
0.0116158
0.0114942
0.011503
0.0115775
0.0116352
0.0115988
0.011462
0.0112726
0.0111115
0.0110028
0.0109912
0.0110358
0.0110496
0.0110117
0.010894
0.0107254
0.0105858
0.0105078
0.0105108
0.0105409
0.0105276
0.0104735
0.0103663
0.010214
0.0101311
0.0100755
0.0100621
0.0100723
0.0100321
0.00997699
0.00988923
0.00978788
0.00971248
0.00967106
0.0096546
0.00963974
0.00960266
0.00952757
0.00944531
0.0093717
0.00933784
0.00931541
0.00927357
0.00923977
0.00917949
0.00911676
0.00904949
0.009016
0.00898608
0.00896236
0.00892084
0.0088684
0.0087915
0.00871804
0.00869305
0.00867103
0.00866889
0.00865358
0.00859529
0.00851814
0.00843671
0.00839035
0.00837328
0.0083915
0.00838841
0.00836553
0.00827729
0.0081791
0.00810765
0.00806314
0.00807587
0.00810385
0.00812546
0.0080928
0.00800604
0.00788351
0.00777112
0.00775798
0.00779292
0.00784639
0.00785247
0.00779784
0.0077036
0.00756055
0.00749225
0.0074892
0.00755089
0.00761248
0.00763325
0.00755475
0.00743133
0.00732143
0.00724244
0.00726144
0.00732793
0.00739374
0.00740471
0.00731591
0.00720405
0.00703397
0.00697044
0.00701024
0.00711724
0.00720256
0.00720587
0.00709567
0.00693675
0.00679644
0.00675667
0.00679911
0.00691554
0.00701536
0.00699613
0.00687241
0.0067063
0.00656555
0.00653954
0.00662128
0.00675592
0.00684302
0.00679856
0.00667367
0.00649122
0.00634485
0.0063385
0.00644798
0.00658801
0.0066765
0.00663731
0.00646788
0.00626592
0.00614203
0.0061609
0.00628837
0.00643841
0.00651343
0.0064554
0.00626311
0.00606021
0.00594232
0.00598368
0.00614451
0.00630627
0.00636728
0.00627965
0.00607598
0.00587239
0.00576979
0.00584105
0.00601781
0.0061755
0.00623244
0.00611787
0.00589601
0.00567739
0.00559516
0.00569417
0.00590094
0.00604451
0.00608875
0.00594485
0.00570759
0.00549311
0.00543547
0.00556979
0.00578686
0.00594327
0.00593851
0.00578045
0.00552911
0.00531661
0.00529962
0.00544884
0.00567956
0.00583742
0.00581345
0.00563252
0.00535752
0.00517205
0.00516898
0.00535273
0.00559162
0.0057257
0.00568437
0.00546331
0.00519289
0.00501698
0.00505039
0.00528452
0.00549724
0.00562536
0.00555347
0.00531581
0.00503555
0.00488208
0.00494426
0.0051718
0.00541577
0.00552243
0.00542175
0.00515844
0.00488355
0.00474272
0.0048727
0.00509439
0.00533036
0.00541188
0.00528781
0.00500695
0.00473913
0.00463563
0.0047611
0.0050331
0.00527568
0.00531962
0.00515651
0.00485875
0.00459995
0.00452294
0.00468642
0.00497906
0.00518874
0.00521612
0.00502763
0.00471887
0.00446783
0.00441138
0.00462919
0.00491795
0.00511339
0.00511171
0.0048994
0.00457606
0.00433629
0.00433524
0.0045574
0.00486719
0.00503569
0.00500901
0.004771
0.00443417
0.00422237
0.00426266
0.00452355
0.00481293
0.00496804
0.00489948
0.00463342
0.00429229
0.00411084
0.00419366
0.00446478
0.00476759
0.00489434
0.00479948
0.00450282
0.0041755
0.00401458
0.00412938
0.00443139
0.00471657
0.00481719
0.00469229
0.00436973
0.00406545
0.00392254
0.00407498
0.00439649
0.00466885
0.00474345
0.00457183
0.00425881
0.00393414
0.0038539
0.00403796
0.0043623
0.00461679
0.00465481
0.00444907
0.00412476
0.00384277
0.00378539
0.00400816
0.0043351
0.00457325
0.00459068
0.0043388
0.00400184
0.0037355
0.00372594
0.00397952
0.00430398
0.00451816
0.00448704
0.00424001
0.0038927
0.00364976
0.00367818
0.00395878
0.00427721
0.00446489
0.0043988
0.00412496
0.00377679
0.00356324
0.00363629
0.00392999
0.00424254
0.00438552
0.00431936
0.00401179
0.00366431
0.0034953
0.0036034
0.0039131
0.00421907
0.00434257
0.00421567
0.00389626
0.00357322
0.00342609
0.00356389
0.00390263
0.00419411
0.00426881
0.00411695
0.00379587
0.00347364
0.00337418
0.00355076
0.0038889
0.00415212
0.0042031
0.00402705
0.00368554
0.00338662
0.00332687
0.00354314
0.00387649
0.0041096
0.0041324
0.00391501
0.0035844
0.00330803
0.00328551
0.00352393
0.00387892
0.00406722
0.00405688
0.00381279
0.00348198
0.00323216
0.00325687
0.00353233
0.00384501
0.00402348
0.00397988
0.003724
0.00338395
0.00316526
0.00322694
0.00352472
0.00382298
0.00398398
0.0038986
0.00363383
0.00329899
0.00311658
0.00323878
0.00348913
0.00378706
0.0039224
0.00382291
0.00352949
0.00321325
0.00306788
0.00320146
0.00349997
0.00376904
0.00385899
0.00372956
0.00343476
0.00313441
0.00301609
0.00319705
0.00349004
0.00374412
0.00380212
0.00364406
0.00334708
0.00305907
0.00298966
0.00319441
0.00348644
0.00370627
0.00373782
0.00355329
0.00325928
0.00298625
0.00297858
0.00318758
0.0034756
0.00367193
0.00367104
0.00347074
0.00316371
0.0029498
0.00295158
0.00318248
0.00346698
0.00362982
0.00360052
0.00338098
0.00307995
0.0029025
0.00294286
0.00317845
0.00343926
0.00357956
0.00352506
0.0032914
0.00302762
0.00285916
0.00293929
0.00318321
0.00341901
0.00353832
0.0034559
0.00323693
0.00292885
0.00282157
0.002926
0.00316723
0.00339914
0.00348017
0.00336409
0.00314422
0.00288586
0.002805
0.00292345
0.00317141
0.00337084
0.00342073
0.00329751
0.00306537
0.00283952
0.00277866
0.00292174
0.00315347
0.00334041
0.00336042
0.00324112
0.00299175
0.00279958
0.00276434
0.00290789
0.00312294
0.00327537
0.00329753
0.00314392
0.0029322
0.0027739
0.00252373
0.00310926
0.00324702
0.00332221
0.00327497
0.00308304
0.00285151
0.00271555
0.00275579
0.00294452
0.00314034
0.00323576
0.00319124
0.00300909
0.00281032
0.00269806
0.00275647
0.0029315
0.00311562
0.0031981
0.00312159
0.00295105
0.00275892
0.00268045
0.00274712
0.0029233
0.00308526
0.00313684
0.00305689
0.00288518
0.00271796
0.00266556
0.00275075
0.00291621
0.00305775
0.00307633
0.00298535
0.00283064
0.00268854
0.00265557
0.00274888
0.00291306
0.00300695
0.0030199
0.00292761
0.00277469
0.00265466
0.002643
0.00274628
0.00287383
0.0029782
0.00297151
0.00286933
0.00272692
0.00262745
0.00264203
0.00275124
0.00286216
0.00292724
0.00291111
0.00280574
0.00269246
0.00261034
0.00263928
0.00273002
0.00283929
0.00289261
0.00285154
0.00275471
0.00265089
0.00260489
0.00263521
0.00272824
0.00280931
0.00284186
0.00279849
0.00270391
0.00261605
0.00259451
0.00262902
0.00270906
0.0027843
0.00279552
0.00274201
0.0026637
0.00259986
0.00258882
0.00262797
0.00270447
0.00274757
0.00273925
0.00269171
0.00262001
0.00257881
0.00259949
0.00262848
0.00267037
0.00270396
0.00269372
0.0026422
0.00259431
0.00256949
0.00257504
0.0026182
0.00265932
0.00267445
0.00264661
0.00259971
0.00256779
0.00254959
0.00258412
0.00261152
0.00263333
0.00261623
0.00259881
0.00256547
0.00254788
0.00255143
0.00257249
0.00259421
0.00258497
0.00257542
0.0025422
0.00252418
0.00253906
0.00254704
0.00256978
0.00257304
0.00256042
0.00253555
0.00250359
0.00250147
0.00250866
0.00255209
0.00255851
0.00254702
0.00252454
0.0024871
0.00246498
0.00248012
0.00250548
0.00253702
0.00254448
0.00252542
0.00248306
0.00244429
0.00244064
0.00245891
0.00249066
0.00245774
0.00220517
0.00272895
0.00244277
0.00235178
0.00236206
0.00243038
0.00252249
0.00257426
0.00255772
0.00248572
0.00238725
0.00232913
0.00235445
0.00242892
0.00252092
0.00256969
0.00254113
0.00244155
0.00234471
0.00229194
0.00233287
0.00242735
0.00252542
0.00255292
0.00250729
0.00240792
0.00228217
0.00226066
0.00230551
0.00242583
0.00252101
0.00254426
0.00247628
0.00235583
0.00224434
0.00221745
0.00230135
0.00243115
0.00253665
0.00254283
0.00245324
0.00230998
0.00219577
0.00219008
0.00229704
0.00244279
0.00253662
0.00253525
0.0024213
0.00225052
0.00215669
0.00216865
0.00229453
0.00245251
0.00254331
0.00251696
0.00238751
0.0022023
0.00211764
0.00214866
0.00229981
0.00245939
0.00253343
0.00248303
0.00232299
0.00216606
0.00207129
0.00214423
0.00231166
0.0024754
0.00253998
0.00246678
0.0022898
0.0021086
0.00203725
0.00213335
0.00232986
0.00248941
0.00253337
0.00243006
0.00225163
0.00205152
0.00200024
0.00212193
0.00233081
0.00249175
0.00251239
0.00242548
0.00219189
0.00201092
0.00198376
0.00213882
0.00236008
0.00250314
0.00251821
0.00237071
0.00213438
0.00195908
0.00196565
0.0021519
0.00238134
0.00251899
0.00250405
0.00232852
0.00208766
0.00191316
0.00195621
0.00215473
0.00239535
0.00252124
0.00247601
0.00228028
0.00203391
0.00187874
0.00194893
0.00218522
0.00241152
0.00252859
0.00245054
0.0022348
0.00198079
0.00184925
0.00195233
0.00220317
0.00243473
0.00251912
0.00242505
0.00218265
0.00192274
0.00182349
0.00196927
0.00223003
0.00244983
0.00251025
0.0023849
0.0021211
0.00186457
0.00180481
0.00197735
0.00225596
0.00245943
0.00250038
0.00234819
0.00206595
0.00181787
0.00179206
0.00199118
0.00226952
0.00247108
0.00248584
0.00229783
0.00200622
0.00177779
0.00177861
0.00202545
0.00229387
0.00247808
0.00245417
0.00225553
0.00195193
0.00174265
0.00177492
0.00203816
0.00232386
0.00248313
0.00243422
0.00220488
0.00188835
0.00170378
0.00178507
0.00207048
0.002347
0.0024712
0.00239319
0.00215285
0.00184368
0.00168545
0.0018168
0.00210596
0.00237501
0.00246845
0.00236157
0.00208911
0.00179052
0.00166342
0.00182056
0.00213272
0.00238566
0.00245835
0.00232893
0.00203607
0.00173303
0.00166249
0.00184667
0.00216163
0.0023984
0.00243757
0.00227967
0.00197984
0.00170168
0.0016414
0.00187651
0.00219555
0.00240762
0.00243052
0.00223512
0.00192055
0.00162946
0.00164717
0.00190513
0.00221841
0.00240544
0.00239746
0.00218613
0.0018714
0.00160664
0.00165517
0.00193436
0.00223873
0.00240663
0.00236508
0.00212325
0.00180512
0.00159291
0.00166423
0.00197541
0.00226636
0.00240058
0.00232212
0.00206261
0.0017538
0.0015672
0.00170154
0.00200497
0.00228348
0.00238795
0.00229121
0.00200864
0.00169967
0.00155548
0.00171811
0.0020424
0.0023016
0.00238168
0.00224471
0.00196625
0.00165967
0.0015539
0.00174878
0.00206689
0.00231068
0.00235931
0.00220324
0.00190403
0.00161036
0.00155392
0.00178012
0.00208958
0.00230854
0.00234255
0.00215505
0.00184798
0.00157502
0.00156381
0.00180518
0.00212065
0.00231106
0.00232038
0.00210035
0.00178628
0.00155035
0.00158212
0.00183869
0.00213921
0.00229818
0.00227277
0.00204519
0.00173062
0.00153106
0.00159954
0.00188038
0.00216168
0.0023021
0.00222736
0.00199188
0.0016914
0.00151651
0.00162725
0.0019069
0.00216234
0.00228513
0.00218896
0.00193732
0.00164889
0.00151011
0.00165116
0.00193734
0.00217903
0.00226152
0.00214989
0.00189113
0.00160738
0.00151741
0.00168802
0.00197299
0.00218245
0.00223997
0.00210539
0.00183798
0.00157811
0.00152226
0.00171281
0.00199685
0.00218195
0.00220883
0.00205571
0.00178251
0.001556
0.00153743
0.0017533
0.00199939
0.00217356
0.00217247
0.0020047
0.00173144
0.00153798
0.00155644
0.00177717
0.00202316
0.00217064
0.0021423
0.00195158
0.00169754
0.00152356
0.00158099
0.00179418
0.00203922
0.00215975
0.00209937
0.00190512
0.00165669
0.00151833
0.00161085
0.00181856
0.0020446
0.002135
0.00206503
0.0018571
0.00162404
0.00151875
0.0016164
0.00184628
0.00204653
0.00210636
0.00201371
0.00181481
0.00159275
0.00153484
0.00165155
0.00186726
0.00204075
0.00207313
0.00196938
0.00176842
0.00156891
0.00154186
0.00167871
0.00188673
0.00203512
0.00204861
0.00193696
0.00173111
0.00156287
0.00154451
0.00169785
0.00189642
0.00202097
0.00202553
0.00189445
0.00169463
0.00156469
0.00156787
0.00172147
0.00191008
0.0020049
0.00198465
0.00185218
0.00167014
0.00154947
0.00159558
0.00175221
0.0019107
0.00199038
0.00194467
0.00181087
0.00164247
0.00156323
0.00161424
0.00176837
0.00190224
0.00196736
0.00190591
0.00177611
0.00163467
0.00157524
0.00163981
0.00177815
0.00189958
0.00193354
0.00187415
0.00173588
0.00162147
0.0015824
0.00166816
0.0017891
0.00189147
0.00190736
0.0018346
0.00170981
0.00160677
0.00159282
0.00167451
0.00178657
0.0018689
0.00187596
0.00179578
0.00168671
0.0016027
0.00161062
0.00169787
0.00179996
0.00186188
0.00185343
0.00176652
0.00166601
0.00161822
0.00163275
0.00170458
0.00179159
0.00183041
0.00181485
0.00174362
0.00166081
0.00161812
0.00164744
0.00172261
0.00178454
0.00180731
0.00177672
0.00171177
0.00164672
0.00163295
0.00166343
0.00172021
0.00176317
0.00177689
0.00174188
0.00168532
0.00165356
0.00164974
0.00168332
0.00172645
0.00175792
0.00174314
0.00170513
0.00166774
0.00165166
0.00166285
0.00169602
0.00173359
0.00172668
0.00171899
0.00168552
0.00165496
0.00166777
0.00168622
0.00170402
0.00171878
0.00171249
0.00168271
0.00165742
0.00165441
0.00166676
0.00169635
0.00171665
0.00171307
0.00169121
0.00165903
0.00164044
0.00165197
0.00167957
0.00170707
0.0017217
0.00169581
0.00164972
0.00162562
0.00162639
0.00165148
0.00169826
0.00172128
0.00171483
0.00167819
0.00162883
0.00159184
0.00161417
0.00166909
0.00171814
0.00173913
0.0017165
0.00165682
0.00159664
0.00157305
0.00160919
0.00167575
0.0017367
0.00175668
0.00171118
0.00162864
0.00156037
0.00155698
0.00161293
0.00169463
0.00175331
0.0017521
0.00169606
0.00160543
0.00152894
0.00153932
0.00161207
0.00171076
0.00177217
0.00175535
0.00167189
0.0015672
0.00150411
0.00153155
0.00163128
0.00174378
0.0017846
0.00176055
0.00166338
0.00154377
0.00147406
0.00152034
0.00163119
0.00174603
0.00180137
0.00174736
0.00162686
0.00149841
0.00145422
0.00152034
0.00165415
0.00177358
0.00180985
0.00174209
0.00160441
0.0014634
0.00143417
0.00153095
0.00167914
0.00180191
0.00181717
0.00173142
0.00156889
0.00142999
0.00141156
0.00153758
0.00170669
0.00182124
0.00181349
0.00170402
0.00153295
0.00139759
0.00140117
0.00154704
0.00173603
0.00183408
0.00181411
0.00168507
0.00149767
0.00136669
0.00140599
0.00156747
0.0017481
0.00185196
0.00181383
0.00165709
0.00145455
0.00134882
0.00139707
0.00159688
0.00178635
0.00187043
0.00180461
0.00162522
0.00141022
0.0013191
0.00141259
0.00162021
0.00180728
0.00187833
0.0017883
0.00159181
0.00137051
0.00130691
0.00142559
0.00165797
0.00183411
0.0018851
0.00177108
0.00155337
0.00134274
0.00128813
0.00144648
0.00168177
0.00185543
0.0018768
0.00174758
0.00150647
0.00131157
0.00127822
0.00147328
0.00171981
0.0018797
0.00187226
0.00171916
0.00146991
0.00126482
0.00128728
0.00150094
0.00174808
0.00189538
0.00188001
0.00169101
0.00142776
0.00123619
0.00129601
0.00153194
0.0017797
0.0019131
0.00185599
0.00165737
0.00136359
0.00120712
0.00130002
0.00156995
0.001815
0.00192222
0.00183732
0.00160809
0.00132728
0.00119686
0.00133186
0.00160517
0.00183783
0.0019251
0.00182297
0.00156393
0.00128925
0.00118768
0.00135139
0.0016464
0.00186527
0.00191937
0.00178834
0.00152277
0.00124736
0.00118038
0.0013869
0.00168043
0.00189303
0.00191815
0.00175678
0.00147729
0.00121166
0.0011873
0.00142197
0.00171703
0.00190456
0.00191401
0.0017305
0.00142768
0.00117751
0.00120164
0.00145639
0.00175281
0.00192167
0.0018948
0.00168698
0.0013775
0.00114521
0.00121137
0.00149733
0.00178295
0.0019167
0.00188753
0.00165559
0.00133016
0.00112747
0.00123598
0.00153313
0.00181015
0.00193116
0.00185784
0.00160448
0.00128087
0.00111827
0.00126151
0.00158162
0.00184252
0.00194007
0.00183047
0.00156206
0.00124026
0.0011087
0.00130285
0.00161696
0.0018662
0.00192712
0.0017933
0.00150999
0.0012072
0.00112005
0.00133962
0.00166125
0.00188325
0.00191885
0.00175764
0.00145554
0.00117214
0.0011274
0.00137759
0.00169983
0.0018942
0.00190372
0.00171972
0.0014076
0.0011342
0.00114259
0.00141962
0.00173045
0.00190816
0.00188811
0.00167598
0.0013645
0.00110886
0.00117093
0.00145586
0.00175659
0.00190618
0.00185829
0.00162319
0.00130765
0.0010982
0.00119811
0.00149553
0.00178255
0.00190815
0.00182876
0.00158492
0.00127271
0.00109349
0.00123297
0.00154245
0.00179941
0.00190173
0.00180606
0.00153854
0.00122462
0.00107796
0.00127338
0.00157995
0.00182182
0.00189277
0.00176515
0.00148813
0.00119146
0.00110998
0.00131016
0.00161257
0.00183755
0.00188239
0.00173143
0.00144215
0.00116329
0.00111253
0.00134347
0.00164535
0.00183966
0.00185592
0.00168507
0.00140172
0.00113774
0.00113919
0.00139162
0.00167185
0.00184259
0.00183013
0.00164103
0.00134435
0.00112444
0.00115982
0.00142593
0.00170315
0.00184747
0.00181017
0.00159737
0.00131697
0.00111446
0.00119629
0.00147018
0.00172441
0.00184154
0.00177848
0.00155455
0.00127241
0.0011245
0.00123791
0.00150396
0.00173989
0.00183225
0.00174339
0.00150693
0.0012453
0.00112644
0.00126259
0.00153577
0.00174885
0.00181244
0.00170261
0.00146939
0.00121414
0.00113457
0.00130541
0.00156043
0.00175547
0.00178716
0.00165795
0.00142824
0.00119874
0.00115536
0.00134011
0.00157948
0.001752
0.00177629
0.0016118
0.0013772
0.0011829
0.0011778
0.00137382
0.00160372
0.00174997
0.00175501
0.00158585
0.00134524
0.0011861
0.00119985
0.00141156
0.00163052
0.00174593
0.00170835
0.00154902
0.00132429
0.00117759
0.00123529
0.00143336
0.00163461
0.00173745
0.00168079
0.00151119
0.00129514
0.00118912
0.00126325
0.0014635
0.00164785
0.00171735
0.00164964
0.00147398
0.0012866
0.00120496
0.0012927
0.00148289
0.00165384
0.00169051
0.00161673
0.00143354
0.00125993
0.00121398
0.00132106
0.00151157
0.00164881
0.00166882
0.00157235
0.00140449
0.00126272
0.00124222
0.00135174
0.00153095
0.00164141
0.00164561
0.00154678
0.00137901
0.00125784
0.00126318
0.00137806
0.00154808
0.00163206
0.00162654
0.00150659
0.00136264
0.00126558
0.00129208
0.00140002
0.00154812
0.00161296
0.00159125
0.00147963
0.00134608
0.00127421
0.00131113
0.00142564
0.00155278
0.00160123
0.00155423
0.0014526
0.0013369
0.00129193
0.00133918
0.00144796
0.00154676
0.00157985
0.001535
0.00143503
0.00133373
0.00130281
0.00137567
0.00146475
0.0015376
0.00155469
0.00149855
0.00140968
0.00134115
0.0013187
0.00138995
0.00147488
0.00152643
0.00152208
0.00147034
0.00140063
0.00134227
0.001345
0.00140516
0.00147184
0.00150857
0.00150101
0.0014486
0.00138942
0.0013491
0.00137119
0.00142665
0.0014797
0.00149285
0.00147397
0.00143214
0.00138173
0.00136263
0.00139017
0.00144148
0.00147412
0.00147481
0.00145608
0.00141184
0.00139247
0.0013836
0.00141236
0.00145356
0.00146158
0.001462
0.00142746
0.0014028
0.00138386
0.00140247
0.00143341
0.00144859
0.00145488
0.00143213
0.00139684
0.00138029
0.00140354
0.0014318
0.00145158
0.00146637
0.00143968
0.0013931
0.00137892
0.00138676
0.00141423
0.00144671
0.00147266
0.00145119
0.00141758
0.00137452
0.0013581
0.00138983
0.00143833
0.00147088
0.00147746
0.00144117
0.00140155
0.001359
0.00135249
0.00139431
0.00145477
0.00149692
0.00148906
0.00143579
0.00136994
0.00133506
0.00134463
0.00140206
0.001486
0.00151327
0.00149419
0.00142523
0.00134615
0.00130167
0.00133975
0.00143033
0.00150946
0.00152836
0.00148496
0.0014031
0.0013123
0.00128388
0.00134618
0.00144759
0.0015231
0.0015443
0.00148568
0.00138423
0.00129114
0.00127639
0.00135458
0.00146407
0.00155126
0.00155791
0.00147735
0.0013528
0.00125732
0.00126086
0.00136072
0.00149834
0.00156911
0.00156323
0.00146414
0.00132886
0.0012375
0.00126655
0.00138205
0.00152874
0.00159435
0.00156498
0.0014422
0.00129933
0.00121734
0.00125885
0.00140525
0.00155873
0.00161491
0.00156639
0.00142292
0.00126124
0.00118823
0.00126823
0.00143425
0.00158114
0.0016265
0.00156164
0.0013958
0.0012249
0.00117383
0.00127571
0.00146822
0.00160886
0.00164572
0.0015442
0.00136666
0.0011909
0.00116752
0.0013039
0.00149375
0.00163886
0.00164142
0.0015315
0.00134243
0.00116763
0.00116783
0.00132593
0.0015251
0.00165385
0.00164768
0.00151439
0.00130294
0.00113946
0.00116062
0.00135448
0.00156603
0.00167929
0.00165427
0.00149153
0.00126635
0.00111631
0.00116261
0.00138398
0.00158985
0.00170457
0.00165309
0.00146072
0.00123052
0.00109502
0.00119727
0.0014209
0.00162792
0.00171893
0.00163894
0.00143752
0.00119112
0.00108401
0.00121099
0.00146089
0.00166386
0.00171857
0.00162987
0.00139783
0.00114981
0.00107412
0.00123306
0.00149983
0.00168292
0.00173407
0.00160587
0.00135918
0.00112436
0.00107012
0.00126585
0.00152857
0.00171299
0.00173713
0.00158536
0.00131643
0.00108621
0.00107159
0.00130379
0.0015785
0.00174204
0.00172879
0.00156255
0.00128064
0.00105311
0.0010928
0.0013441
0.00161018
0.00175713
0.00171914
0.0015288
0.001236
0.00103659
0.00110651
0.001386
0.00164816
0.0017729
0.00171146
0.00148515
0.00119994
0.00101531
0.00112944
0.00142572
0.0016819
0.00178161
0.00169788
0.00144858
0.00114884
0.00100906
0.00116682
0.00146255
0.00170721
0.00178562
0.00167727
0.00140561
0.00111099
0.00100393
0.0012021
0.00151257
0.0017367
0.00177709
0.00164447
0.00136952
0.00107395
0.00102553
0.00123791
0.00154207
0.00175502
0.00177961
0.00161681
0.00132551
0.00104893
0.00102417
0.00128984
0.00158841
0.00177844
0.00177587
0.00158412
0.00127879
0.00101637
0.00104373
0.0013365
0.00162758
0.00180037
0.00176727
0.00154813
0.00123324
0.000994019
0.00107364
0.00137526
0.00165883
0.00180538
0.00175215
0.00151306
0.00119221
0.000984933
0.00111376
0.00142659
0.00169321
0.00181625
0.00172255
0.00146826
0.00114936
0.000995727
0.00114936
0.00146826
0.00172255
0.00181625
0.00169321
0.00142659
0.00111376
0.000984933
0.00119221
0.00151306
0.00175215
0.00180538
0.00165883
0.00137526
0.00107364
0.000994019
0.00123324
0.00154813
0.00176727
0.00180037
0.00162758
0.0013365
0.00104373
0.00101637
0.00127879
0.00158412
0.00177587
0.00177844
0.00158841
0.00128984
0.00102417
0.00104893
0.00132551
0.00161681
0.00177961
0.00175502
0.00154207
0.00123791
0.00102553
0.00107395
0.00136952
0.00164447
0.00177709
0.0017367
0.00151257
0.0012021
0.00100393
0.00111099
0.00140561
0.00167727
0.00178562
0.00170721
0.00146255
0.00116682
0.00100906
0.00114884
0.00144858
0.00169788
0.00178161
0.0016819
0.00142572
0.00112944
0.00101531
0.00119994
0.00148515
0.00171146
0.0017729
0.00164816
0.001386
0.00110651
0.00103659
0.001236
0.0015288
0.00171914
0.00175713
0.00161018
0.0013441
0.0010928
0.00105311
0.00128064
0.00156255
0.00172879
0.00174204
0.0015785
0.00130379
0.00107159
0.00108621
0.00131643
0.00158536
0.00173713
0.00171299
0.00152857
0.00126585
0.00107012
0.00112436
0.00135918
0.00160587
0.00173407
0.00168292
0.00149983
0.00123306
0.00107412
0.00114981
0.00139783
0.00162987
0.00171857
0.00166386
0.00146089
0.00121099
0.00108401
0.00119112
0.00143752
0.00163894
0.00171893
0.00162792
0.0014209
0.00119727
0.00109502
0.00123052
0.00146072
0.00165309
0.00170457
0.00158985
0.00138398
0.00116261
0.00111631
0.00126635
0.00149153
0.00165427
0.00167929
0.00156603
0.00135448
0.00116062
0.00113946
0.00130294
0.00151439
0.00164768
0.00165385
0.0015251
0.00132593
0.00116783
0.00116763
0.00134243
0.0015315
0.00164142
0.00163886
0.00149375
0.0013039
0.00116752
0.0011909
0.00136666
0.0015442
0.00164572
0.00160886
0.00146822
0.00127571
0.00117383
0.0012249
0.0013958
0.00156164
0.0016265
0.00158114
0.00143425
0.00126823
0.00118823
0.00126124
0.00142292
0.00156639
0.00161491
0.00155873
0.00140525
0.00125885
0.00121734
0.00129933
0.0014422
0.00156498
0.00159435
0.00152874
0.00138205
0.00126655
0.0012375
0.00132886
0.00146414
0.00156323
0.00156911
0.00149834
0.00136072
0.00126086
0.00125732
0.0013528
0.00147735
0.00155791
0.00155126
0.00146407
0.00135458
0.00127639
0.00129114
0.00138423
0.00148568
0.0015443
0.0015231
0.00144759
0.00134618
0.00128388
0.0013123
0.0014031
0.00148496
0.00152836
0.00150946
0.00143033
0.00133975
0.00130167
0.00134615
0.00142523
0.00149419
0.00151327
0.001486
0.00140206
0.00134463
0.00133506
0.00136994
0.00143579
0.00148906
0.00149692
0.00145477
0.00139431
0.00135249
0.001359
0.00140155
0.00144117
0.00147746
0.00147088
0.00143833
0.00138983
0.0013581
0.00137452
0.00141758
0.00145119
0.00147266
0.00144671
0.00141423
0.00138676
0.00137892
0.0013931
0.00143968
0.00146637
0.00145158
0.0014318
0.00140354
0.00138029
0.00139684
0.00143213
0.00145488
0.00144859
0.00143341
0.00140247
0.00138386
0.0014028
0.00142746
0.001462
0.00146158
0.00145356
0.00141236
0.0013836
0.00139247
0.00141184
0.00145608
0.00147481
0.00147412
0.00144148
0.00139017
0.00136263
0.00138173
0.00143214
0.00147397
0.00149285
0.0014797
0.00142665
0.00137119
0.0013491
0.00138942
0.0014486
0.00150101
0.00150857
0.00147184
0.00140516
0.001345
0.00134227
0.00140063
0.00147034
0.00152208
0.00152643
0.00147488
0.00138995
0.0013187
0.00134115
0.00140968
0.00149855
0.00155469
0.0015376
0.00146475
0.00137567
0.00130281
0.00133373
0.00143503
0.001535
0.00157985
0.00154676
0.00144796
0.00133918
0.00129193
0.0013369
0.0014526
0.00155423
0.00160123
0.00155278
0.00142564
0.00131113
0.00127421
0.00134608
0.00147963
0.00159125
0.00161296
0.00154812
0.00140002
0.00129208
0.00126558
0.00136264
0.00150659
0.00162654
0.00163206
0.00154808
0.00137806
0.00126318
0.00125784
0.00137901
0.00154678
0.00164561
0.00164141
0.00153095
0.00135174
0.00124222
0.00126272
0.00140449
0.00157235
0.00166882
0.00164881
0.00151157
0.00132106
0.00121398
0.00125993
0.00143354
0.00161673
0.00169051
0.00165384
0.00148289
0.0012927
0.00120496
0.0012866
0.00147398
0.00164964
0.00171735
0.00164785
0.0014635
0.00126325
0.00118912
0.00129514
0.00151119
0.00168079
0.00173745
0.00163461
0.00143336
0.00123529
0.00117759
0.00132429
0.00154902
0.00170835
0.00174593
0.00163052
0.00141156
0.00119985
0.0011861
0.00134524
0.00158585
0.00175501
0.00174997
0.00160372
0.00137382
0.0011778
0.0011829
0.0013772
0.0016118
0.00177629
0.001752
0.00157948
0.00134011
0.00115536
0.00119874
0.00142824
0.00165795
0.00178716
0.00175547
0.00156043
0.00130541
0.00113457
0.00121414
0.00146939
0.00170261
0.00181244
0.00174885
0.00153577
0.00126259
0.00112644
0.0012453
0.00150693
0.00174339
0.00183225
0.00173989
0.00150396
0.00123791
0.0011245
0.00127241
0.00155455
0.00177848
0.00184154
0.00172441
0.00147018
0.00119629
0.00111446
0.00131697
0.00159737
0.00181017
0.00184747
0.00170315
0.00142593
0.00115982
0.00112444
0.00134435
0.00164103
0.00183013
0.00184259
0.00167185
0.00139162
0.00113919
0.00113774
0.00140172
0.00168507
0.00185592
0.00183966
0.00164535
0.00134347
0.00111253
0.00116329
0.00144215
0.00173143
0.00188239
0.00183755
0.00161257
0.00131016
0.00110998
0.00119146
0.00148813
0.00176515
0.00189277
0.00182182
0.00157995
0.00127338
0.00107796
0.00122462
0.00153854
0.00180606
0.00190173
0.00179941
0.00154245
0.00123297
0.00109349
0.00127271
0.00158492
0.00182876
0.00190815
0.00178255
0.00149553
0.00119811
0.0010982
0.00130765
0.00162319
0.00185829
0.00190618
0.00175659
0.00145586
0.00117093
0.00110886
0.0013645
0.00167598
0.00188811
0.00190816
0.00173045
0.00141962
0.00114259
0.0011342
0.0014076
0.00171972
0.00190372
0.0018942
0.00169983
0.00137759
0.0011274
0.00117214
0.00145554
0.00175764
0.00191885
0.00188325
0.00166125
0.00133962
0.00112005
0.0012072
0.00150999
0.0017933
0.00192712
0.0018662
0.00161696
0.00130285
0.0011087
0.00124026
0.00156206
0.00183047
0.00194007
0.00184252
0.00158162
0.00126151
0.00111827
0.00128087
0.00160448
0.00185784
0.00193116
0.00181015
0.00153313
0.00123598
0.00112747
0.00133016
0.00165559
0.00188753
0.0019167
0.00178295
0.00149733
0.00121137
0.00114521
0.0013775
0.00168698
0.0018948
0.00192167
0.00175281
0.00145639
0.00120164
0.00117751
0.00142768
0.0017305
0.00191401
0.00190456
0.00171703
0.00142197
0.0011873
0.00121166
0.00147729
0.00175678
0.00191815
0.00189303
0.00168043
0.0013869
0.00118038
0.00124736
0.00152277
0.00178834
0.00191937
0.00186527
0.0016464
0.00135139
0.00118768
0.00128925
0.00156393
0.00182297
0.0019251
0.00183783
0.00160517
0.00133186
0.00119686
0.00132728
0.00160809
0.00183732
0.00192222
0.001815
0.00156995
0.00130002
0.00120712
0.00136359
0.00165737
0.00185599
0.0019131
0.0017797
0.00153194
0.00129601
0.00123619
0.00142776
0.00169101
0.00188001
0.00189538
0.00174808
0.00150094
0.00128728
0.00126482
0.00146991
0.00171916
0.00187226
0.0018797
0.00171981
0.00147328
0.00127822
0.00131157
0.00150647
0.00174758
0.0018768
0.00185543
0.00168177
0.00144648
0.00128813
0.00134274
0.00155337
0.00177108
0.0018851
0.00183411
0.00165797
0.00142559
0.00130691
0.00137051
0.00159181
0.0017883
0.00187833
0.00180728
0.00162021
0.00141259
0.0013191
0.00141022
0.00162522
0.00180461
0.00187043
0.00178635
0.00159688
0.00139707
0.00134882
0.00145455
0.00165709
0.00181383
0.00185196
0.0017481
0.00156747
0.00140599
0.00136669
0.00149767
0.00168507
0.00181411
0.00183408
0.00173603
0.00154704
0.00140117
0.00139759
0.00153295
0.00170402
0.00181349
0.00182124
0.00170669
0.00153758
0.00141156
0.00142999
0.00156889
0.00173142
0.00181717
0.00180191
0.00167914
0.00153095
0.00143417
0.0014634
0.00160441
0.00174209
0.00180985
0.00177358
0.00165415
0.00152034
0.00145422
0.00149841
0.00162686
0.00174736
0.00180137
0.00174603
0.00163119
0.00152034
0.00147406
0.00154377
0.00166338
0.00176055
0.0017846
0.00174378
0.00163128
0.00153155
0.00150411
0.0015672
0.00167189
0.00175535
0.00177217
0.00171076
0.00161207
0.00153932
0.00152894
0.00160543
0.00169606
0.0017521
0.00175331
0.00169463
0.00161293
0.00155698
0.00156037
0.00162864
0.00171118
0.00175668
0.0017367
0.00167575
0.00160919
0.00157305
0.00159664
0.00165682
0.0017165
0.00173913
0.00171814
0.00166909
0.00161417
0.00159184
0.00162883
0.00167819
0.00171483
0.00172128
0.00169826
0.00165148
0.00162639
0.00162562
0.00164972
0.00169581
0.0017217
0.00170707
0.00167957
0.00165197
0.00164044
0.00165903
0.00169121
0.00171307
0.00171665
0.00169635
0.00166676
0.00165441
0.00165742
0.00168271
0.00171249
0.00171878
0.00170402
0.00168622
0.00166777
0.00165496
0.00168552
0.00171899
0.00172668
0.00173359
0.00169602
0.00166285
0.00165166
0.00166774
0.00170513
0.00174314
0.00175792
0.00172645
0.00168332
0.00164974
0.00165356
0.00168532
0.00174188
0.00177689
0.00176317
0.00172021
0.00166343
0.00163295
0.00164672
0.00171177
0.00177672
0.00180731
0.00178454
0.00172261
0.00164744
0.00161812
0.00166081
0.00174362
0.00181485
0.00183041
0.00179159
0.00170458
0.00163275
0.00161822
0.00166601
0.00176652
0.00185343
0.00186188
0.00179996
0.00169787
0.00161062
0.0016027
0.00168671
0.00179578
0.00187596
0.0018689
0.00178657
0.00167451
0.00159282
0.00160677
0.00170981
0.0018346
0.00190736
0.00189147
0.0017891
0.00166816
0.0015824
0.00162147
0.00173588
0.00187415
0.00193354
0.00189958
0.00177815
0.00163981
0.00157524
0.00163467
0.00177611
0.00190591
0.00196736
0.00190224
0.00176837
0.00161424
0.00156323
0.00164247
0.00181087
0.00194467
0.00199038
0.0019107
0.00175221
0.00159558
0.00154947
0.00167014
0.00185218
0.00198465
0.0020049
0.00191008
0.00172147
0.00156787
0.00156469
0.00169463
0.00189445
0.00202553
0.00202097
0.00189642
0.00169785
0.00154451
0.00156287
0.00173111
0.00193696
0.00204861
0.00203512
0.00188673
0.00167871
0.00154186
0.00156891
0.00176842
0.00196938
0.00207313
0.00204075
0.00186726
0.00165155
0.00153484
0.00159275
0.00181481
0.00201371
0.00210636
0.00204653
0.00184628
0.0016164
0.00151875
0.00162404
0.0018571
0.00206503
0.002135
0.0020446
0.00181856
0.00161085
0.00151833
0.00165669
0.00190512
0.00209937
0.00215975
0.00203922
0.00179418
0.00158099
0.00152356
0.00169754
0.00195158
0.0021423
0.00217064
0.00202316
0.00177717
0.00155644
0.00153798
0.00173144
0.0020047
0.00217247
0.00217356
0.00199939
0.0017533
0.00153743
0.001556
0.00178251
0.00205571
0.00220883
0.00218195
0.00199685
0.00171281
0.00152226
0.00157811
0.00183798
0.00210539
0.00223997
0.00218245
0.00197299
0.00168802
0.00151741
0.00160738
0.00189113
0.00214989
0.00226152
0.00217903
0.00193734
0.00165116
0.00151011
0.00164889
0.00193732
0.00218896
0.00228513
0.00216234
0.0019069
0.00162725
0.00151651
0.0016914
0.00199188
0.00222736
0.0023021
0.00216168
0.00188038
0.00159954
0.00153106
0.00173062
0.00204519
0.00227277
0.00229818
0.00213921
0.00183869
0.00158212
0.00155035
0.00178628
0.00210035
0.00232038
0.00231106
0.00212065
0.00180518
0.00156381
0.00157502
0.00184798
0.00215505
0.00234255
0.00230854
0.00208958
0.00178012
0.00155392
0.00161036
0.00190403
0.00220324
0.00235931
0.00231068
0.00206689
0.00174878
0.0015539
0.00165967
0.00196625
0.00224471
0.00238168
0.0023016
0.0020424
0.00171811
0.00155548
0.00169967
0.00200864
0.00229121
0.00238795
0.00228348
0.00200497
0.00170154
0.0015672
0.0017538
0.00206261
0.00232212
0.00240058
0.00226636
0.00197541
0.00166423
0.00159291
0.00180512
0.00212325
0.00236508
0.00240663
0.00223873
0.00193436
0.00165517
0.00160664
0.0018714
0.00218613
0.00239746
0.00240544
0.00221841
0.00190513
0.00164717
0.00162946
0.00192055
0.00223512
0.00243052
0.00240762
0.00219555
0.00187651
0.0016414
0.00170168
0.00197984
0.00227967
0.00243757
0.0023984
0.00216163
0.00184667
0.00166249
0.00173303
0.00203607
0.00232893
0.00245835
0.00238566
0.00213272
0.00182056
0.00166342
0.00179052
0.00208911
0.00236157
0.00246845
0.00237501
0.00210596
0.0018168
0.00168545
0.00184368
0.00215285
0.00239319
0.0024712
0.002347
0.00207048
0.00178507
0.00170378
0.00188835
0.00220488
0.00243422
0.00248313
0.00232386
0.00203816
0.00177492
0.00174265
0.00195193
0.00225553
0.00245417
0.00247808
0.00229387
0.00202545
0.00177861
0.00177779
0.00200622
0.00229783
0.00248584
0.00247108
0.00226952
0.00199118
0.00179206
0.00181787
0.00206595
0.00234819
0.00250038
0.00245943
0.00225596
0.00197735
0.00180481
0.00186457
0.0021211
0.0023849
0.00251025
0.00244983
0.00223003
0.00196927
0.00182349
0.00192274
0.00218265
0.00242505
0.00251912
0.00243473
0.00220317
0.00195233
0.00184925
0.00198079
0.0022348
0.00245054
0.00252859
0.00241152
0.00218522
0.00194893
0.00187874
0.00203391
0.00228028
0.00247601
0.00252124
0.00239535
0.00215473
0.00195621
0.00191316
0.00208766
0.00232852
0.00250405
0.00251899
0.00238134
0.0021519
0.00196565
0.00195908
0.00213438
0.00237071
0.00251821
0.00250314
0.00236008
0.00213882
0.00198376
0.00201092
0.00219189
0.00242548
0.00251239
0.00249175
0.00233081
0.00212193
0.00200024
0.00205152
0.00225163
0.00243006
0.00253337
0.00248941
0.00232986
0.00213335
0.00203725
0.0021086
0.0022898
0.00246678
0.00253998
0.0024754
0.00231166
0.00214423
0.00207129
0.00216606
0.00232299
0.00248303
0.00253343
0.00245939
0.00229981
0.00214866
0.00211764
0.0022023
0.00238751
0.00251696
0.00254331
0.00245251
0.00229453
0.00216865
0.00215669
0.00225052
0.0024213
0.00253525
0.00253662
0.00244279
0.00229704
0.00219008
0.00219577
0.00230998
0.00245324
0.00254283
0.00253665
0.00243115
0.00230135
0.00221745
0.00224434
0.00235583
0.00247628
0.00254426
0.00252101
0.00242583
0.00230551
0.00226066
0.00228217
0.00240792
0.00250729
0.00255292
0.00252542
0.00242735
0.00233287
0.00229194
0.00234471
0.00244155
0.00254113
0.00256969
0.00252092
0.00242892
0.00235445
0.00232913
0.00238725
0.00248572
0.00255772
0.00257426
0.00252249
0.00243038
0.00236206
0.00235178
0.00244277
0.00272895
0.00220517
0.00245774
0.00249066
0.00245891
0.00244064
0.00244429
0.00248306
0.00252542
0.00254448
0.00253702
0.00250548
0.00248012
0.00246498
0.0024871
0.00252454
0.00254702
0.00255851
0.00255209
0.00250866
0.00250147
0.00250359
0.00253555
0.00256042
0.00257304
0.00256978
0.00254704
0.00253906
0.00252418
0.0025422
0.00257542
0.00258497
0.00259421
0.00257249
0.00255143
0.00254788
0.00256547
0.00259881
0.00261623
0.00263333
0.00261152
0.00258412
0.00254959
0.00256779
0.00259971
0.00264661
0.00267445
0.00265932
0.0026182
0.00257504
0.00256949
0.00259431
0.0026422
0.00269372
0.00270396
0.00267037
0.00262848
0.00259949
0.00257881
0.00262001
0.00269171
0.00273925
0.00274757
0.00270447
0.00262797
0.00258882
0.00259986
0.0026637
0.00274201
0.00279552
0.0027843
0.00270906
0.00262902
0.00259451
0.00261605
0.00270391
0.00279849
0.00284186
0.00280931
0.00272824
0.00263521
0.00260489
0.00265089
0.00275471
0.00285154
0.00289261
0.00283929
0.00273002
0.00263928
0.00261034
0.00269246
0.00280574
0.00291111
0.00292724
0.00286216
0.00275124
0.00264203
0.00262745
0.00272692
0.00286933
0.00297151
0.0029782
0.00287383
0.00274628
0.002643
0.00265466
0.00277469
0.00292761
0.0030199
0.00300695
0.00291306
0.00274888
0.00265557
0.00268854
0.00283064
0.00298535
0.00307633
0.00305775
0.00291621
0.00275075
0.00266556
0.00271796
0.00288518
0.00305689
0.00313684
0.00308526
0.0029233
0.00274712
0.00268045
0.00275892
0.00295105
0.00312159
0.0031981
0.00311562
0.0029315
0.00275647
0.00269806
0.00281032
0.00300909
0.00319124
0.00323576
0.00314034
0.00294452
0.00275579
0.00271555
0.00285151
0.00308304
0.00327497
0.00332221
0.00324702
0.00310926
0.00252373
0.0027739
0.0029322
0.00314392
0.00329753
0.00327537
0.00312294
0.00290789
0.00276434
0.00279958
0.00299175
0.00324112
0.00336042
0.00334041
0.00315347
0.00292174
0.00277866
0.00283952
0.00306537
0.00329751
0.00342073
0.00337084
0.00317141
0.00292345
0.002805
0.00288586
0.00314422
0.00336409
0.00348017
0.00339914
0.00316723
0.002926
0.00282157
0.00292885
0.00323693
0.0034559
0.00353832
0.00341901
0.00318321
0.00293929
0.00285916
0.00302762
0.0032914
0.00352506
0.00357956
0.00343926
0.00317845
0.00294286
0.0029025
0.00307995
0.00338098
0.00360052
0.00362982
0.00346698
0.00318248
0.00295158
0.0029498
0.00316371
0.00347074
0.00367104
0.00367193
0.0034756
0.00318758
0.00297858
0.00298625
0.00325928
0.00355329
0.00373782
0.00370627
0.00348644
0.00319441
0.00298966
0.00305907
0.00334708
0.00364406
0.00380212
0.00374412
0.00349004
0.00319705
0.00301609
0.00313441
0.00343476
0.00372956
0.00385899
0.00376904
0.00349997
0.00320146
0.00306788
0.00321325
0.00352949
0.00382291
0.0039224
0.00378706
0.00348913
0.00323878
0.00311658
0.00329899
0.00363383
0.0038986
0.00398398
0.00382298
0.00352472
0.00322694
0.00316526
0.00338395
0.003724
0.00397988
0.00402348
0.00384501
0.00353233
0.00325687
0.00323216
0.00348198
0.00381279
0.00405688
0.00406722
0.00387892
0.00352393
0.00328551
0.00330803
0.0035844
0.00391501
0.0041324
0.0041096
0.00387649
0.00354314
0.00332687
0.00338662
0.00368554
0.00402705
0.0042031
0.00415212
0.0038889
0.00355076
0.00337418
0.00347364
0.00379587
0.00411695
0.00426881
0.00419411
0.00390263
0.00356389
0.00342609
0.00357322
0.00389626
0.00421567
0.00434257
0.00421907
0.0039131
0.0036034
0.0034953
0.00366431
0.00401179
0.00431936
0.00438552
0.00424254
0.00392999
0.00363629
0.00356324
0.00377679
0.00412496
0.0043988
0.00446489
0.00427721
0.00395878
0.00367818
0.00364976
0.0038927
0.00424001
0.00448704
0.00451816
0.00430398
0.00397952
0.00372594
0.0037355
0.00400184
0.0043388
0.00459068
0.00457325
0.0043351
0.00400816
0.00378539
0.00384277
0.00412476
0.00444907
0.00465481
0.00461679
0.0043623
0.00403796
0.0038539
0.00393414
0.00425881
0.00457183
0.00474345
0.00466885
0.00439649
0.00407498
0.00392254
0.00406545
0.00436973
0.00469229
0.00481719
0.00471657
0.00443139
0.00412938
0.00401458
0.0041755
0.00450282
0.00479948
0.00489434
0.00476759
0.00446478
0.00419366
0.00411084
0.00429229
0.00463342
0.00489948
0.00496804
0.00481293
0.00452355
0.00426266
0.00422237
0.00443417
0.004771
0.00500901
0.00503569
0.00486719
0.0045574
0.00433524
0.00433629
0.00457606
0.0048994
0.00511171
0.00511339
0.00491795
0.00462919
0.00441138
0.00446783
0.00471887
0.00502763
0.00521612
0.00518874
0.00497906
0.00468642
0.00452294
0.00459995
0.00485875
0.00515651
0.00531962
0.00527568
0.0050331
0.0047611
0.00463563
0.00473913
0.00500695
0.00528781
0.00541188
0.00533036
0.00509439
0.0048727
0.00474272
0.00488355
0.00515844
0.00542175
0.00552243
0.00541577
0.0051718
0.00494426
0.00488208
0.00503555
0.00531581
0.00555347
0.00562536
0.00549724
0.00528452
0.00505039
0.00501698
0.00519289
0.00546331
0.00568437
0.0057257
0.00559162
0.00535273
0.00516898
0.00517205
0.00535752
0.00563252
0.00581345
0.00583742
0.00567956
0.00544884
0.00529962
0.00531661
0.00552911
0.00578045
0.00593851
0.00594327
0.00578686
0.00556979
0.00543547
0.00549311
0.00570759
0.00594485
0.00608875
0.00604451
0.00590094
0.00569417
0.00559516
0.00567739
0.00589601
0.00611787
0.00623244
0.0061755
0.00601781
0.00584105
0.00576979
0.00587239
0.00607598
0.00627965
0.00636728
0.00630627
0.00614451
0.00598368
0.00594232
0.00606021
0.00626311
0.0064554
0.00651343
0.00643841
0.00628837
0.0061609
0.00614203
0.00626592
0.00646788
0.00663731
0.0066765
0.00658801
0.00644798
0.0063385
0.00634485
0.00649122
0.00667367
0.00679856
0.00684302
0.00675592
0.00662128
0.00653954
0.00656555
0.0067063
0.00687241
0.00699613
0.00701536
0.00691554
0.00679911
0.00675667
0.00679644
0.00693675
0.00709567
0.00720587
0.00720256
0.00711724
0.00701024
0.00697044
0.00703397
0.00720405
0.00731591
0.00740471
0.00739374
0.00732793
0.00726144
0.00724244
0.00732143
0.00743133
0.00755475
0.00763325
0.00761248
0.00755089
0.0074892
0.00749225
0.00756055
0.0077036
0.00779784
0.00785247
0.00784639
0.00779292
0.00775798
0.00777112
0.00788351
0.00800604
0.0080928
0.00812546
0.00810385
0.00807587
0.00806314
0.00810765
0.0081791
0.00827729
0.00836553
0.00838841
0.0083915
0.00837328
0.00839035
0.00843671
0.00851814
0.00859529
0.00865358
0.00866889
0.00867103
0.00869305
0.00871804
0.0087915
0.0088684
0.00892084
0.00896236
0.00898608
0.009016
0.00904949
0.00911676
0.00917949
0.00923977
0.00927357
0.00931541
0.00933784
0.0093717
0.00944531
0.00952757
0.00960266
0.00963974
0.0096546
0.00967106
0.00971248
0.00978788
0.00988923
0.00997699
0.0100321
0.0100723
0.0100621
0.0100755
0.0101311
0.010214
0.0103663
0.0104735
0.0105276
0.0105409
0.0105108
0.0105078
0.0105858
0.0107254
0.010894
0.0110117
0.0110496
0.0110358
0.0109912
0.0110028
0.0111115
0.0112726
0.011462
0.0115988
0.0116352
0.0115775
0.011503
0.0114942
0.0116158
0.0119623
0.0122004
0.0123113
0.0123059
0.0122082
0.0121061
0.0121612
0.0123036
0.0126078
0.012866
0.0130125
0.0129895
0.0128543
0.012742
0.0127634
0.0130267
0.0133886
0.0136969
0.013837
0.0137544
0.0135721
0.0134429
0.013504
0.0138263
0.0142718
0.0146487
0.0147653
0.0146406
0.0143783
0.0142119
0.0143203
0.0147476
0.0152949
0.0157339
0.0158381
0.0156252
0.0152466
0.0150431
0.015208
0.0157849
0.0164938
0.0170001
0.0170804
0.0167146
0.0161815
0.0158955
0.0161794
0.0169786
0.0179332
0.0185548
0.018561
0.0179644
0.0171325
0.0167156
0.0171427
0.0183501
0.0197044
0.0205346
0.0203822
0.0192715
0.0177827
0.0169802
0.0177939
0.0199791
0.0223383
0.0236291
0.0229952
0.0202092
0.0159872
0.0134083
0.0173704
0.0267025
0.0384145
0.0546955
0.0753716
0.0384516
0.0435686
0.0421069
0.0372486
0.0308804
0.0253492
0.0233043
0.0253088
0.0289963
0.0319865
0.0331253
0.0323545
0.030401
0.0285365
0.028142
0.0295818
0.032017
0.0342107
0.0352861
0.0350828
0.0340206
0.0330548
0.0331472
0.034551
0.0367324
0.0387839
0.0399812
0.0401023
0.039552
0.0390849
0.039537
0.0411319
0.0434643
0.0457097
0.0472138
0.0477459
0.0476525
0.0476779
0.0485766
0.0506384
0.0534642
0.0563134
0.0584525
0.0596586
0.0602152
0.0609353
0.0626612
0.0656874
0.0697192
0.0739012
0.0774325
0.0800315
0.0819951
0.08425
0.0878366
0.0933283
0.100429
0.108198
0.115617
0.122269
0.128602
0.13599
0.146275
0.160844
0.17997
0.203129
0.229529
0.25984
0.297051
0.348581
0.428684
0.565611
0.823563
1.38118
