0.2623
0.18204
0.12833
0.074006
0.02121
-0.032807
-0.088045
-0.14359
-0.19791
-0.24857
-0.30106
-0.35172
-0.40116
-0.4506
-0.49943
-0.54429
-0.58854
-0.63127
-0.67308
-0.71275
-0.74876
-0.78202
-0.81437
-0.84428
-0.87144
-0.89677
-0.92027
-0.9395
-0.95537
-0.96941
-0.9807
-0.99077
-0.99535
-0.99657
-0.99535
-0.99321
-0.98528
-0.97368
-0.95964
-0.94469
-0.92729
-0.90745
-0.88243
-0.85679
-0.82689
-0.79576
-0.76158
-0.72618
-0.68711
-0.64652
-0.60563
-0.56077
-0.5153
-0.46799
-0.42039
-0.37003
-0.32151
-0.26841
-0.21408
-0.16068
-0.10727
-0.052949
0.0035096
0.056611
0.1091
0.1622
0.21592
0.27085
0.32181
0.37278
0.42466
0.47257
0.52049
0.56596
0.61051
0.65324
0.69078
0.72862
0.76555
0.79973
0.83268
0.86229
0.88701
0.90929
0.93034
0.95018
0.96635
0.97917
0.98924
0.99596
0.99901
0.99992
0.99748
0.99168
0.98528
0.97612
0.96025
0.94194
0.92363
0.90135
0.87785
0.85039
0.82048
0.7866
0.74968
0.71458
0.67674
0.63493
0.59281
0.54826
0.50217
0.45396
0.4036
0.35325
0.30045
0.24643
0.19364
0.14084
0.087434
0.034333
-0.019684
-0.074922
-0.12924
-0.18357
-0.23545
-0.28824
-0.33951
-0.38926
-0.4387
-0.48844
-0.53452
-0.57877
-0.62272
-0.66392
-0.70451
-0.74083
-0.77501
-0.80735
-0.83848
-0.86595
-0.89158
-0.91539
-0.93523
-0.95171
-0.96666
-0.97795
-0.98863
-0.99443
-0.99626
-0.99565
-0.99351
-0.98802
-0.97673
-0.96391
-0.94865
-0.93217
-0.91142
-0.88792
-0.86168
-0.83391
-0.80247
-0.77043
-0.73442
-0.69688
-0.65629
-0.6157
-0.57145
-0.52567
-0.47776
-0.42985
-0.38102
-0.33097
-0.28031
-0.22507
-0.17105
-0.11826
-0.063325
-0.009308
0.045014
0.0972
0.15
0.20523
0.25803
0.31083
0.36118
0.41215
0.4622
0.50889
0.55497
0.60044
0.64256
0.68284
0.72099
0.75669
0.79332
0.8275
0.85679
0.88457
0.90593
0.92607
0.94743
0.96239
0.9749
0.9868
0.99351
0.99657
1.0005
0.9987
0.9929
0.98741
0.97826
0.96361
0.94713
0.9279
0.90715
0.88426
0.85771
0.82841
0.79545
0.75853
0.72251
0.68559
0.64317
0.60136
0.55772
0.51133
0.46403
0.41367
0.36393
0.31174
0.25834
0.20584
0.15305
0.099947
0.04654
-0.0071717
-0.062104
-0.11704
-0.17105
-0.22385
-0.27543
-0.32853
-0.37766
-0.42802
-0.47715
-0.52445
-0.5687
-0.61295
-0.65476
-0.69535
-0.73289
-0.76707
-0.80034
-0.83116
-0.85985
-0.88457
-0.90959
-0.92973
-0.94713
-0.96178
-0.97429
-0.98466
-0.99229
-0.99443
-0.99474
-0.9929
-0.98894
-0.97856
-0.96635
-0.9514
-0.93462
-0.91661
-0.89311
-0.86809
-0.8394
-0.80919
-0.77592
-0.74113
-0.70359
-0.66392
-0.62333
-0.57939
-0.53422
-0.48631
-0.43992
-0.39078
-0.34104
-0.29068
-0.23575
-0.18265
-0.12833
-0.073701
-0.019074
0.036469
0.088655
0.14115
0.19638
0.24857
0.30167
0.35233
0.4036
0.45457
0.50065
0.54704
0.59251
0.63554
0.67552
0.71458
0.75059
0.7866
0.82048
0.85008
0.87877
0.90196
0.9218
0.94255
0.95995
0.97246
0.98436
0.99351
0.99687
1.0008
0.99962
0.99443
0.98894
0.98161
0.96727
0.95109
0.93278
0.91173
0.88884
0.8629
0.83391
0.80278
0.76677
0.73014
0.69444
0.65324
0.61143
0.56901
0.52262
0.47562
0.42527
0.37461
0.32364
0.26993
0.21775
0.16403
0.11063
0.056306
0.0032044
-0.050507
-0.10575
-0.16007
-0.21408
-0.26535
-0.31907
-0.36851
-0.41825
-0.46799
-0.51591
-0.56016
-0.6041
-0.64683
-0.68742
-0.72648
-0.76066
-0.79454
-0.82536
-0.85466
-0.88029
-0.90532
-0.92638
-0.94408
-0.95903
-0.97215
-0.98314
-0.99107
-0.99443
-0.99504
-0.99351
-0.98955
-0.98039
-0.96757
-0.95384
-0.93736
-0.91966
-0.89677
-0.87297
-0.8455
-0.8159
-0.78264
-0.74876
-0.71244
-0.67369
-0.6331
-0.59037
-0.54551
-0.4976
-0.45121
-0.40146
-0.35264
-0.30259
-0.24918
-0.19516
-0.14176
-0.08957
-0.033112
0.021515
0.075227
0.12741
0.18021
0.23514
0.28763
0.3386
0.39048
0.44053
0.48844
0.53513
0.57969
0.62577
0.66514
0.7042
0.74113
0.77653
0.81132
0.84367
0.87175
0.89555
0.9163
0.93645
0.95537
0.9688
0.98039
0.99016
0.99413
0.99748
0.9984
0.99351
0.98802
0.98192
0.96941
0.95354
0.93584
0.91539
0.89311
0.86809
0.84001
0.8098
0.77409
0.73716
0.70146
0.66087
0.61906
0.57694
0.53147
0.48356
0.43412
0.38407
0.33371
0.28153
0.22843
0.17624
0.12253
0.068513
0.016327
-0.0383
-0.092317
-0.14786
-0.20157
-0.25315
-0.30594
-0.3563
-0.40604
-0.45609
-0.50462
-0.54917
-0.59403
-0.63676
-0.67857
-0.71763
-0.75456
-0.78691
-0.81895
-0.84825
-0.8751
-0.89982
-0.92241
-0.9398
-0.95598
-0.9691
-0.981
-0.99016
-0.99413
-0.99565
-0.99413
-0.99199
-0.98405
-0.97215
-0.95811
-0.94163
-0.92363
-0.90318
-0.87877
-0.85222
-0.8217
-0.79057
-0.75578
-0.72068
-0.68132
-0.64134
-0.59892
-0.55467
-0.50797
-0.46098
-0.41276
-0.36332
-0.31388
-0.26047
-0.20676
-0.15274
-0.099641
-0.044099
0.011444
0.064851
0.11673
0.16892
0.22385
0.27695
0.32853
0.3801
0.43046
0.47898
0.52537
0.57115
0.6157
0.65721
0.69657
0.7332
0.77012
0.80583
0.83757
0.86717
0.89189
0.91264
0.934
0.95354
0.96696
0.98009
0.98955
0.99474
0.99901
0.99901
0.99565
0.99046
0.98344
0.97337
0.9575
0.93919
0.92119
0.8983
0.87388
0.84703
0.81621
0.78202
0.7454
0.70909
0.67185
0.62913
0.58671
0.54307
0.49516
0.44724
0.39658
0.34684
0.29526
0.24094
0.18814
0.1323
0.08011
0.027619
-0.027008
-0.081941
-0.13687
-0.19028
-0.24216
-0.29374
-0.34623
-0.39567
-0.44663
-0.49516
-0.54063
-0.58457
-0.62791
-0.66972
-0.71
-0.74601
-0.77928
-0.81193
-0.84154
-0.86961
-0.89464
-0.91814
-0.93675
-0.95384
-0.96727
-0.97948
-0.98863
-0.99443
-0.99504
-0.99504
-0.9926
-0.9865
-0.97459
-0.96208
-0.94591
-0.92943
-0.90867
-0.88487
-0.85893
-0.82872
-0.79759
-0.76371
-0.72862
-0.68956
-0.64988
-0.60807
-0.56443
-0.51774
-0.47105
-0.42283
-0.37308
-0.32425
-0.27146
-0.21866
-0.16373
-0.11185
-0.056916
-0.00076295
0.052338
0.10544
0.15732
0.21286
0.26719
0.31815
0.36973
0.42069
0.46891
0.51743
0.5626
0.60746
0.65019
0.68864
0.72648
0.76402
0.7985
0.83177
0.86198
0.88701
0.90959
0.93065
0.94926
0.96513
0.97765
0.98772
0.99504
0.99809
0.99962
0.99809
0.9926
0.98589
0.97734
0.96178
0.94255
0.92454
0.90349
0.87938
0.85344
0.82322
0.78996
0.75364
0.71702
0.68101
0.63859
0.59586
0.55253
0.50553
0.45792
0.40787
0.35782
0.30594
0.25193
0.19974
0.14633
0.092622
0.039216
-0.014801
-0.069734
-0.12436
-0.17807
-0.23056
-0.28275
-0.33616
-0.38529
-0.43503
-0.48356
-0.52995
-0.5745
-0.61875
-0.66026
-0.70024
-0.73777
-0.77165
-0.8043
-0.83543
-0.86351
-0.88823
-0.91264
-0.93187
-0.94926
-0.96361
-0.97581
-0.9868
-0.99382
-0.99504
-0.99474
-0.9929
-0.98833
-0.97673
-0.96452
-0.94957
-0.93248
-0.91264
-0.88945
-0.86442
-0.83543
-0.80491
-0.77165
-0.73625
-0.6978
-0.65843
-0.61692
-0.5742
-0.52781
-0.48173
-0.43351
-0.38437
-0.33585
-0.28367
-0.23056
-0.17563
-0.12284
-0.069429
-0.01297
0.040436
0.094453
0.14603
0.20035
0.25437
0.30533
0.3563
0.40879
0.45792
0.50614
0.55192
0.59648
0.64042
0.67948
0.71763
0.75486
0.78965
0.82383
0.85435
0.8809
0.9041
0.92576
0.9453
0.96208
0.97581
0.98589
0.99413
0.9984
0.99962
0.9984
0.99474
0.98772
0.97978
0.96696
0.94896
0.93095
0.91051
0.88579
0.86046
0.83146
0.79759
0.7628
0.72557
0.68864
0.64744
0.60441
0.56229
0.5156
0.46769
0.41825
0.36667
0.3154
0.26169
0.20951
0.15732
0.103
0.050507
-0.0035096
-0.058137
-0.11246
-0.16678
-0.21958
-0.27237
-0.32425
-0.37491
-0.42374
-0.47379
-0.52049
-0.56565
-0.6096
-0.65202
-0.69291
-0.73075
-0.76555
-0.79881
-0.82994
-0.85863
-0.88426
-0.90898
-0.93034
-0.94743
-0.96269
-0.9752
-0.98558
-0.99351
-0.99657
-0.99596
-0.99443
-0.99077
-0.98161
-0.9691
-0.95384
-0.93736
-0.91844
-0.89586
-0.87114
-0.84337
-0.81224
-0.77928
-0.74449
-0.70726
-0.66819
-0.6273
-0.58457
-0.53819
-0.49149
-0.4445
-0.39597
-0.34653
-0.29618
-0.24216
-0.18814
-0.13474
-0.08072
-0.024872
0.029755
0.082856
0.13535
0.18875
0.24247
0.29526
0.34592
0.39811
0.44816
0.49638
0.54246
0.58732
0.63157
0.67155
0.71
0.74693
0.78294
0.81682
0.84794
0.87724
0.90043
0.92088
0.94224
0.95933
0.97276
0.98558
0.99321
0.99779
1.0005
0.99931
0.99535
0.98894
0.98161
0.9691
0.95262
0.93462
0.91447
0.89128
0.86625
0.83787
0.80613
0.77073
0.7335
0.69749
0.6566
0.61448
0.57267
0.52689
0.47929
0.42954
0.37919
0.32792
0.27543
0.22232
0.16953
0.11551
0.061494
0.0086976
-0.04593
-0.099947
-0.15457
-0.20768
-0.25956
-0.31205
-0.3624
-0.41123
-0.46159
-0.5098
-0.55467
-0.59922
-0.64164
-0.68284
-0.72221
-0.75731
-0.79118
-0.82292
-0.85222
-0.87816
-0.90349
-0.92546
-0.94316
-0.95903
-0.97154
-0.98314
-0.99168
-0.99565
-0.99565
-0.99474
-0.99138
-0.98283
-0.97063
-0.95598
-0.94072
-0.92332
-0.90105
-0.87633
-0.84977
-0.81895
-0.7866
-0.75212
-0.7158
-0.67582
-0.63523
-0.59281
-0.54704
-0.50095
-0.45396
-0.40604
-0.35599
-0.30625
-0.25315
-0.19883
-0.14572
-0.092927
-0.037079
0.018158
0.07187
0.12375
0.17685
0.23117
0.28428
0.33585
0.38712
0.43839
0.48569
0.53269
0.57816
0.62272
0.66392
0.70237
0.7396
0.77684
0.81041
0.84245
0.87114
0.89464
0.91569
0.93675
0.95567
0.9691
0.98131
0.99107
0.99626
0.99962
0.99992
0.99596
0.99046
0.98405
0.97276
0.9575
0.93919
0.92058
0.89769
0.87266
0.84581
0.81437
0.77958
0.74296
0.70603
0.66728
0.62455
0.58213
0.53727
0.48936
0.44053
0.39017
0.33982
0.28672
0.23331
0.18143
0.12772
0.074006
0.02121
-0.032807
-0.087434
-0.14237
-0.19638
-0.24796
-0.30045
-0.35142
-0.40055
-0.4509
-0.49973
-0.54459
-0.58854
-0.63188
-0.67277
-0.71183
-0.74846
-0.78325
-0.81437
-0.84428
-0.87175
-0.89769
-0.92088
-0.9395
-0.95476
-0.9688
-0.98009
-0.98955
-0.99443
-0.99565
-0.99443
-0.99199
-0.98436
-0.97276
-0.95903
-0.94285
-0.92546
-0.90532
-0.8806
-0.85466
-0.82475
-0.79301
-0.75975
-0.72465
-0.68498
-0.64469
-0.60288
-0.55863
-0.51255
-0.46555
-0.41733
-0.36728
-0.31785
-0.26535
-0.21164
-0.15732
-0.10452
-0.049287
0.0065614
0.060273
0.11276
0.16526
0.22049
0.2739
0.32578
0.37644
0.42832
0.47593
0.52262
0.5687
0.61265
0.65446
0.69322
0.73045
0.76768
0.80217
0.83482
0.86473
0.88945
0.91081
0.93187
0.95079
0.96574
0.97856
0.98894
0.99474
0.99809
0.99962
0.99626
0.99077
0.98497
0.97459
0.95933
0.94194
0.92302
0.90135
0.87755
0.851
0.82109
0.7863
0.74998
0.71366
0.67552
0.6334
0.59129
0.54734
0.50004
0.45212
0.40238
0.35172
0.29984
0.24552
0.19272
0.13962
0.086213
0.032807
-0.02182
-0.077058
-0.1326
-0.18601
-0.2385
-0.29038
-0.34257
-0.392
-0.44205
-0.49088
-0.53635
-0.5803
-0.62455
-0.66667
-0.70665
-0.74327
-0.77684
-0.80888
-0.8397
-0.86717
-0.8925
-0.916
-0.93523
-0.9514
-0.96574
-0.97765
-0.98772
-0.99351
-0.99535
-0.99474
-0.99229
-0.9865
-0.97551
-0.96208
-0.94682
-0.93034
-0.91051
-0.88731
-0.86137
-0.83238
-0.80125
-0.7686
-0.73289
-0.69474
-0.65415
-0.61326
-0.56962
-0.52415
-0.47684
-0.42893
-0.37858
-0.33005
-0.27787
-0.22354
-0.16922
-0.11582
-0.061189
-0.0056458
0.048066
0.10056
0.15305
0.20798
0.26108
0.31296
0.36301
0.4152
0.46433
0.51164
0.55833
0.60258
0.64591
0.68498
0.72221
0.75975
0.79515
0.82872
0.85893
0.88487
0.90684
0.9276
0.94804
0.96361
0.97673
0.98802
0.99474
0.9984
1.0005
0.99718
0.99229
0.9865
0.97734
0.9633
0.94499
0.92668
0.90623
0.88182
0.85588
0.82567
0.7921
0.75639
0.72007
0.68345
0.64134
0.59892
0.55558
0.50858
0.46128
0.41093
0.36088
0.309
0.25528
0.2034
0.1503
0.096284
0.042573
-0.011139
-0.065766
-0.11978
-0.17411
-0.22629
-0.27878
-0.33127
-0.38071
-0.43046
-0.4799
-0.52628
-0.57053
-0.61448
-0.65629
-0.69718
-0.73442
-0.7689
-0.80186
-0.8333
-0.86137
-0.8867
-0.91081
-0.93156
-0.94835
-0.96361
-0.97551
-0.9865
-0.99351
-0.99596
-0.99474
-0.99351
-0.98833
-0.97826
-0.96544
-0.95048
-0.934
-0.91539
-0.8922
-0.86748
-0.8394
-0.80858
-0.77501
-0.74052
-0.70237
-0.6627
-0.6215
-0.57877
-0.53269
-0.48539
-0.43809
-0.38865
-0.34043
-0.28916
-0.23575
-0.18051
-0.12741
-0.073396
-0.018158
0.036469
0.089265
0.14084
0.19608
0.24979
0.30198
0.35233
0.4036
0.45426
0.50095
0.54795
0.59251
0.63554
0.67674
0.71427
0.7509
0.78752
0.82109
0.85191
0.87968
0.90074
0.92271
0.94347
0.95933
0.97337
0.98528
0.9929
0.99748
0.99962
0.99809
0.99443
0.98741
0.97917
0.96574
0.94835
0.93034
0.91081
0.8867
0.86198
0.8333
0.80095
0.76585
0.72862
0.69261
0.65171
0.60868
0.56687
0.52079
0.47318
0.42313
0.37247
0.32151
0.2681
0.21592
0.16312
0.10941
0.055695
0.0013733
-0.053559
-0.10819
-0.16251
-0.21622
-0.2681
-0.3209
-0.37064
-0.42039
-0.47044
-0.51774
-0.56229
-0.60624
-0.64836
-0.68894
-0.7277
-0.76249
-0.79637
-0.82689
-0.85649
-0.88151
-0.90623
-0.92699
-0.94499
-0.96025
-0.97307
-0.98436
-0.9929
-0.99504
-0.99596
-0.99413
-0.99138
-0.98131
-0.96941
-0.95476
-0.93828
-0.92027
-0.89799
-0.87327
-0.84642
-0.81559
-0.78294
-0.74815
-0.71122
-0.67216
-0.63127
-0.58885
-0.54337
-0.49668
-0.44938
-0.40085
-0.35142
-0.30045
-0.24674
-0.19272
-0.13993
-0.085908
-0.031281
0.024567
0.077974
0.12985
0.18448
0.23697
0.29038
0.34104
0.392
0.44358
0.48966
0.53727
0.58213
0.62608
0.66789
0.70603
0.74266
0.7805
0.81407
0.8455
0.8748
0.89738
0.91875
0.9395
0.95689
0.97124
0.98283
0.99168
0.99657
0.99992
0.99901
0.99565
0.98894
0.98192
0.97063
0.95415
0.93675
0.91691
0.89342
0.869
0.84062
0.80888
0.77409
0.73625
0.70115
0.66117
0.61814
0.57694
0.53117
0.48417
0.43473
0.38407
0.33402
0.28092
0.22751
0.17441
0.1207
0.066377
0.013581
-0.040742
-0.095979
-0.1503
-0.20432
-0.25589
-0.30838
-0.35843
-0.40757
-0.45792
-0.50645
-0.55222
-0.59586
-0.63859
-0.67948
-0.71916
-0.75364
-0.78721
-0.81865
-0.84886
-0.87541
-0.90105
-0.92332
-0.94163
-0.9572
-0.97093
-0.98253
-0.99168
-0.99565
-0.99687
-0.99565
-0.9929
-0.98497
-0.97276
-0.95872
-0.94347
-0.92576
-0.9044
-0.87999
-0.85344
-0.82353
-0.79057
-0.75731
-0.72068
-0.68193
-0.64103
-0.59953
-0.55406
-0.50797
-0.46067
-0.41154
-0.3621
-0.31174
-0.25986
-0.20462
-0.15152
-0.098726
-0.042878
0.01236
0.066682
0.11795
0.17136
0.22599
0.27878
0.33097
0.38224
0.4332
0.48081
0.5272
0.57267
0.61784
0.65873
0.6981
0.73503
0.77104
0.80705
0.83879
0.86778
0.89281
0.91356
0.9337
0.95415
0.96666
0.97887
0.98955
0.99443
0.99718
0.99901
0.99474
0.98924
0.98344
0.97154
0.95689
0.93919
0.91936
0.89738
0.87266
0.8455
0.81529
0.7805
0.74357
0.70817
0.6688
0.6273
0.58518
0.54063
0.49302
0.44358
0.39445
0.34379
0.29129
0.23789
0.18448
0.13169
0.077974
0.025177
-0.02945
-0.084382
-0.13931
-0.19333
-0.24491
-0.29709
-0.34806
-0.3978
-0.44755
-0.49668
-0.54154
-0.5861
-0.62913
-0.67094
-0.71031
-0.74723
-0.78233
-0.81407
-0.84428
-0.86961
-0.89677
-0.92058
-0.93889
-0.95415
-0.9688
-0.98009
-0.99046
-0.99535
-0.99626
-0.99596
-0.99321
-0.9868
-0.97551
-0.96239
-0.94621
-0.92973
-0.90898
-0.88548
-0.85924
-0.82994
-0.79759
-0.76493
-0.72831
-0.68986
-0.64866
-0.60716
-0.56291
-0.51713
-0.47013
-0.42069
-0.37156
-0.32181
-0.27024
-0.21592
-0.16159
-0.1088
-0.053254
0.0013733
0.05539
0.10758
0.15946
0.2153
0.26841
0.32059
0.37186
0.42252
0.47166
0.51835
0.56413
0.60899
0.64988
0.68956
0.7274
0.76371
0.79973
0.83238
0.86198
0.88853
0.9099
0.93065
0.9514
0.96544
0.97795
0.98955
0.99474
0.99779
1.0005
0.99748
0.99199
0.98619
0.97581
0.96147
0.94438
0.92454
0.90349
0.87938
0.85191
0.82231
0.78721
0.75029
0.71489
0.67704
0.63493
0.59312
0.54917
0.50309
0.45457
0.40482
0.35477
0.30228
0.24918
0.19577
0.14328
0.089876
0.036164
-0.017243
-0.07248
-0.1268
-0.18082
-0.23301
-0.2855
-0.33768
-0.38712
-0.43748
-0.48661
-0.53269
-0.57694
-0.62089
-0.66178
-0.70268
-0.7396
-0.77348
-0.80583
-0.83726
-0.86503
-0.89036
-0.91417
-0.9337
-0.95048
-0.96513
-0.97704
-0.98741
-0.99443
-0.99535
-0.99535
-0.99321
-0.98833
-0.97704
-0.96483
-0.94865
-0.93278
-0.91234
-0.88945
-0.8632
-0.83513
-0.80339
-0.77043
-0.73472
-0.69657
-0.6569
-0.6154
-0.57237
-0.52567
-0.47929
-0.43107
-0.38193
-0.33341
-0.28183
-0.22782
-0.17319
-0.12009
-0.065156
-0.0099184
0.044404
0.097505
0.14939
0.20462
0.25681
0.309
0.35935
0.41093
0.46128
0.50797
0.55528
0.60014
0.64256
0.68315
0.72129
0.75853
0.79484
0.8275
0.85801
0.88487
0.90623
0.92821
0.94835
0.96361
0.97765
0.98863
0.99565
0.99992
1.0018
0.99992
0.99535
0.98802
0.98039
0.96635
0.94804
0.93004
0.90929
0.88518
0.85863
0.82902
0.79667
0.76036
0.72374
0.68833
0.64591
0.60349
0.56077
0.51408
0.46677
0.41642
0.36606
0.31449
0.26047
0.20859
0.15518
0.10208
0.048371
-0.0050355
-0.059663
-0.11429
-0.168
-0.2208
-0.27237
-0.32578
-0.37522
-0.42496
-0.47471
-0.5214
-0.56626
-0.6099
-0.65232
-0.69261
-0.73075
-0.76463
-0.7985
-0.82933
-0.85832
-0.88334
-0.90776
-0.9279
-0.9456
-0.96056
-0.97368
-0.98375
-0.99168
-0.99382
-0.99382
-0.9926
-0.98833
-0.97826
-0.96605
-0.9514
-0.93492
-0.91661
-0.89403
-0.86931
-0.84154
-0.81132
-0.77775
-0.74388
-0.70573
-0.66697
-0.62638
-0.58335
-0.53758
-0.49088
-0.44419
-0.39445
-0.34623
-0.29465
-0.24094
-0.18631
-0.1323
-0.079194
-0.022736
0.030976
0.084382
0.13626
0.18936
0.24338
0.29526
0.34623
0.39841
0.44724
0.49577
0.54276
0.58671
0.63218
0.67216
0.71122
0.74815
0.78264
0.81773
0.84977
0.87724
0.90043
0.9218
0.94194
0.96025
0.97337
0.98497
0.99382
0.99748
1.0005
0.99992
0.99504
0.98833
0.98161
0.96849
0.95171
0.9337
0.91325
0.88975
0.86503
0.83604
0.80491
0.76951
0.73198
0.69688
0.65537
0.61265
0.57084
0.52415
0.47654
0.42649
0.37613
0.32578
0.27237
0.22049
0.16678
0.11337
0.059968
0.0065614
-0.047456
-0.10239
-0.1564
-0.20981
-0.26108
-0.31449
-0.36454
-0.41398
-0.46464
-0.51255
-0.55741
-0.60136
-0.64408
-0.68467
-0.72465
-0.75883
-0.79271
-0.82383
-0.85344
-0.87907
-0.9044
-0.92576
-0.94347
-0.95903
-0.97246
-0.98344
-0.99199
-0.99474
-0.99504
-0.99382
-0.99016
-0.98192
-0.9688
-0.95537
-0.93797
-0.92149
-0.89921
-0.87541
-0.84825
-0.81773
-0.78538
-0.7509
-0.71519
-0.67552
-0.63584
-0.59251
-0.54795
-0.50156
-0.45457
-0.40604
-0.35569
-0.30594
-0.25132
-0.19791
-0.14481
-0.08957
-0.035554
0.020294
0.073396
0.12467
0.1796
0.23239
0.28519
0.33768
0.38773
0.439
0.48692
0.5333
0.57939
0.62394
0.66392
0.70329
0.7396
0.77531
0.81132
0.84276
0.87083
0.89586
0.91661
0.93767
0.9575
0.97093
0.98283
0.99321
0.99748
0.99992
1.0014
0.99657
0.99046
0.98436
0.97215
0.95567
0.93828
0.91783
0.89403
0.86992
0.84215
0.81102
0.77745
0.73991
0.7039
0.66545
0.62211
0.58061
0.53513
0.48661
0.4387
0.38804
0.33799
0.2858
0.23209
0.18021
0.12589
0.072786
0.019684
-0.034943
-0.08957
-0.14542
-0.19852
-0.25132
-0.3035
-0.35447
-0.4033
-0.45365
-0.50217
-0.54704
-0.59159
-0.63401
-0.67613
-0.7155
-0.75181
-0.78508
-0.81804
-0.84703
-0.87419
-0.89921
-0.92241
-0.94041
-0.95689
-0.96971
-0.98161
-0.99077
-0.99565
-0.99626
-0.99504
-0.99199
-0.98466
-0.97215
-0.9575
-0.94194
-0.92607
-0.90532
-0.87968
-0.85435
-0.82444
-0.79332
-0.75914
-0.72343
-0.68406
-0.64439
-0.60227
-0.55741
-0.51072
-0.46372
-0.41489
-0.36545
-0.31632
-0.26322
-0.21012
-0.15549
-0.10269
-0.047456
0.0083925
0.062104
0.11429
0.16617
0.22141
0.27481
0.32609
0.37827
0.42893
0.47684
0.52476
0.56962
0.6154
0.65721
0.69535
0.7332
0.76982
0.80461
0.83757
0.86625
0.89128
0.91356
0.9337
0.95323
0.96788
0.97978
0.99046
0.99626
0.99901
1.0005
0.99779
0.99168
0.98528
0.9749
0.95872
0.94102
0.9221
0.90013
0.87694
0.84977
0.81956
0.78538
0.74815
0.71244
0.67399
0.63066
0.58946
0.5449
0.4979
0.44938
0.39933
0.34928
0.29648
0.24308
0.19059
0.13718
0.083772
0.03006
-0.023651
-0.078889
-0.13352
-0.18753
-0.23941
-0.29221
-0.34379
-0.39261
-0.44358
-0.49271
-0.53819
-0.58213
-0.62547
-0.66728
-0.70756
-0.74449
-0.77836
-0.81071
-0.84154
-0.869
-0.89372
-0.91722
-0.93584
-0.95262
-0.96605
-0.97856
-0.98772
-0.99413
-0.99504
-0.99504
-0.9929
-0.98711
-0.9752
-0.96239
-0.94621
-0.92973
-0.90959
-0.88548
-0.85954
-0.83055
-0.79973
-0.76646
-0.73106
-0.6923
-0.65263
-0.61112
-0.56748
-0.52171
-0.47501
-0.42679
-0.37675
-0.32853
-0.27634
-0.22293
-0.16831
-0.1149
-0.060578
-0.0044251
0.048676
0.10208
0.15427
0.2092
0.26413
0.3151
0.36667
0.41794
0.46647
0.5153
0.56077
0.60533
0.64866
0.6865
0.72435
0.76188
0.79545
0.82933
0.86015
0.88609
0.90837
0.92912
0.94835
0.96452
0.97704
0.98741
0.99474
0.9984
0.99992
0.9984
0.99351
0.98741
0.97887
0.96361
0.9456
0.9276
0.90562
0.88212
0.85649
0.82628
0.79271
0.75608
0.71946
0.68376
0.64103
0.59892
0.55589
0.50858
0.46128
0.41123
0.36027
0.30961
0.25528
0.2031
0.15
0.09659
0.043183
-0.011444
-0.066072
-0.12161
-0.17533
-0.22812
-0.28031
-0.3331
-0.38285
-0.43259
-0.48234
-0.52873
-0.57328
-0.61662
-0.65873
-0.69871
-0.73686
-0.77073
-0.8043
-0.83513
-0.86412
-0.88914
-0.91386
-0.93339
-0.95079
-0.96513
-0.97704
-0.98741
-0.99413
-0.99596
-0.99535
-0.99351
-0.98924
-0.97856
-0.96574
-0.95048
-0.934
-0.91478
-0.89128
-0.86656
-0.83848
-0.80735
-0.7744
-0.73991
-0.70176
-0.66209
-0.6215
-0.57847
-0.53239
-0.48569
-0.43809
-0.38865
-0.33982
-0.28824
-0.23514
-0.1796
-0.1265
-0.07187
-0.016632
0.037385
0.090791
0.14237
0.1976
0.25132
0.30381
0.35538
0.40665
0.4567
0.50309
0.54978
0.59495
0.63767
0.67826
0.71611
0.75242
0.78935
0.82261
0.85283
0.88151
0.90288
0.92424
0.9453
0.96117
0.9749
0.9868
0.99382
0.99809
1.0014
0.99901
0.99474
0.98894
0.98039
0.96818
0.95079
0.93187
0.91234
0.88823
0.86137
0.8333
0.79973
0.76432
0.7277
0.69108
0.65049
0.60746
0.56474
0.51865
0.47013
0.421
0.37064
0.31968
0.26658
0.21378
0.16159
0.10758
0.054475
0.00045777
-0.053864
-0.1088
-0.16342
-0.21653
-0.26902
-0.32151
-0.37217
-0.421
-0.47135
-0.51804
-0.56321
-0.60685
-0.64897
-0.68925
-0.72801
-0.76249
-0.79606
-0.82719
-0.85618
-0.88212
-0.90715
-0.92851
-0.94621
-0.96208
-0.97398
-0.98497
-0.9926
-0.99504
-0.99565
-0.99413
-0.99016
-0.981
-0.96788
-0.95323
-0.93675
-0.91905
-0.89616
-0.87205
-0.84428
-0.81376
-0.7808
-0.74662
-0.70878
-0.66972
-0.62882
-0.5864
-0.54063
-0.49393
-0.44694
-0.3978
-0.34958
-0.29831
-0.24521
-0.18997
-0.13687
-0.083467
-0.028229
0.026398
0.080415
0.13169
0.1857
0.23972
0.2916
0.34409
0.39475
0.44511
0.49302
0.5388
0.58518
0.62974
0.66972
0.70878
0.74418
0.7808
0.8159
0.84642
0.8751
0.8983
0.91875
0.94041
0.95842
0.97124
0.98436
0.9929
0.99687
1.0011
1.0002
0.99565
0.99046
0.98253
0.9691
0.95384
0.93462
0.91417
0.8922
0.86625
0.83879
0.80797
0.77165
0.73564
0.69932
0.65873
0.61723
0.57481
0.53025
0.48234
0.4329
0.38285
0.33127
0.27909
0.22538
0.17258
0.11917
0.065156
0.01297
-0.041657
-0.095979
-0.15122
-0.20493
-0.25589
-0.30961
-0.35966
-0.41001
-0.46006
-0.50889
-0.55314
-0.59739
-0.64012
-0.68101
-0.72068
-0.75547
-0.78935
-0.82048
-0.85008
-0.87602
-0.90166
-0.92302
-0.94163
-0.95781
-0.97124
-0.98222
-0.99138
-0.99474
-0.99565
-0.99413
-0.99138
-0.98283
-0.97063
-0.9572
-0.94102
-0.92424
-0.90166
-0.87785
-0.85008
-0.82017
-0.78721
-0.75395
-0.71763
-0.67887
-0.63798
-0.59525
-0.5507
-0.50401
-0.45731
-0.40818
-0.35935
-0.3093
-0.25559
-0.20249
-0.14939
-0.096895
-0.039826
0.014496
0.067903
0.11948
0.17258
0.22751
0.28061
0.33127
0.38346
0.43381
0.48142
0.52903
0.57389
0.61906
0.66026
0.6981
0.73686
0.77287
0.80674
0.8397
0.86809
0.89281
0.91447
0.93492
0.95445
0.9688
0.9807
0.99046
0.99596
0.99901
1.0002
0.99718
0.99107
0.98466
0.97368
0.9575
0.9398
0.92088
0.89738
0.87297
0.84581
0.81468
0.78019
0.74266
0.70665
0.66728
0.62425
0.58274
0.53788
0.49088
0.44205
0.39139
0.34134
0.28885
0.23575
0.18326
0.12924
0.075532
0.022126
-0.031281
-0.086519
-0.14115
-0.19547
-0.24735
-0.30014
-0.35111
-0.40024
-0.4509
-0.49912
-0.54429
-0.58793
-0.63157
-0.67308
-0.71336
-0.74876
-0.78233
-0.81407
-0.84428
-0.87144
-0.89677
-0.91966
-0.93858
-0.95445
-0.96818
-0.97978
-0.98985
-0.99474
-0.99596
-0.99504
-0.9929
-0.98558
-0.97398
-0.96025
-0.9453
-0.92821
-0.90745
-0.88273
-0.8571
-0.8275
-0.79576
-0.7628
-0.7274
-0.68894
-0.64836
-0.60777
-0.56229
-0.51682
-0.46921
-0.4213
-0.37095
-0.32181
-0.26932
-0.215
-0.16129
-0.10788
-0.053254
0.0028992
0.056001
0.1091
0.16129
0.21714
0.27024
0.3209
0.37217
0.42313
0.47196
0.51896
0.56474
0.61021
0.65171
0.69139
0.72862
0.76524
0.80125
0.83299
0.8629
0.88823
0.90867
0.93034
0.94987
0.96452
0.97826
0.98863
0.99443
0.9984
0.99962
0.99657
0.99168
0.98497
0.9752
0.95995
0.94255
0.92424
0.90196
0.87846
0.85161
0.82139
0.78782
0.75059
0.71489
0.67735
0.63432
0.5919
0.54765
0.50034
0.45304
0.4033
0.35386
0.30167
0.24796
0.19547
0.14237
0.089265
0.035248
-0.018463
-0.073091
-0.12741
-0.18204
-0.23362
-0.28672
-0.3386
-0.38804
-0.43809
-0.48783
-0.533
-0.57786
-0.6215
-0.663
-0.70329
-0.74052
-0.7747
-0.80705
-0.83787
-0.86564
-0.89097
-0.91508
-0.93431
-0.9514
-0.96574
-0.97765
-0.98802
-0.99413
-0.99535
-0.99443
-0.99321
-0.98741
-0.97642
-0.96361
-0.94835
-0.93095
-0.91112
-0.88792
-0.86259
-0.83391
-0.80278
-0.76982
-0.73411
-0.69596
-0.65599
-0.61479
-0.57084
-0.52476
-0.47807
-0.43015
-0.38132
-0.33249
-0.28122
-0.2269
-0.17288
-0.11917
-0.065156
-0.0096132
0.044404
0.09781
0.15
0.20401
0.25803
0.30961
0.36149
0.41306
0.4625
0.51011
0.5565
0.60075
0.64347
0.68315
0.72099
0.75792
0.79393
0.82628
0.85649
0.88365
0.90471
0.92607
0.94621
0.96178
0.9749
0.98589
0.9929
0.99657
0.9987
0.99718
0.9926
0.9865
0.97826
0.96391
0.94682
0.92851
0.90776
0.88396
0.8574
0.82841
0.79545
0.75914
0.72282
0.6862
0.64408
0.60197
0.55894
0.51286
0.46586
0.41611
0.36545
0.31449
0.26139
0.20859
0.15457
0.10086
0.047761
-0.0068666
-0.061799
-0.11704
-0.17105
-0.22385
-0.27634
-0.32822
-0.37705
-0.4271
-0.47684
-0.52354
-0.5684
-0.61173
-0.65385
-0.69413
-0.73259
-0.76707
-0.80034
-0.83146
-0.85985
-0.88548
-0.91051
-0.93065
-0.94743
-0.96269
-0.97459
-0.98558
-0.9926
-0.99504
-0.99535
-0.99382
-0.98924
-0.97948
-0.96727
-0.95262
-0.93584
-0.91722
-0.89464
-0.86961
-0.84215
-0.81071
-0.77775
-0.74266
-0.70573
-0.66606
-0.62547
-0.58244
-0.53635
-0.48905
-0.44175
-0.39292
-0.34379
-0.29252
-0.23819
-0.18357
-0.13046
-0.076448
-0.021515
0.033112
0.086213
0.13779
0.19211
0.24582
0.2977
0.34867
0.40116
0.45121
0.49851
0.5452
0.58976
0.63371
0.6743
0.71214
0.74968
0.78538
0.81895
0.85039
0.87846
0.90105
0.92271
0.94377
0.96056
0.97429
0.98589
0.99382
0.99809
1.0008
0.99992
0.99596
0.98955
0.98192
0.9688
0.95109
0.93339
0.91356
0.89006
0.86442
0.83574
0.80369
0.76799
0.73167
0.69566
0.65446
0.61173
0.56931
0.52384
0.47593
0.42649
0.37644
0.32517
0.27237
0.21958
0.16739
0.11337
0.059052
0.0062562
-0.048066
-0.10269
-0.15793
-0.21134
-0.26291
-0.3154
-0.36576
-0.41489
-0.46494
-0.51255
-0.55741
-0.60166
-0.64439
-0.68559
-0.72465
-0.75944
-0.79301
-0.82444
-0.85344
-0.87907
-0.9044
-0.92546
-0.94285
-0.95872
-0.97185
-0.98314
-0.99168
-0.99474
-0.99504
-0.99382
-0.99046
-0.981
-0.9691
-0.95537
-0.93919
-0.92149
-0.89952
-0.8751
-0.84794
-0.81712
-0.78508
-0.75029
-0.71366
-0.67399
-0.6331
-0.59068
-0.54551
-0.49912
-0.45212
-0.4033
-0.35386
-0.3032
-0.24918
-0.19486
-0.14115
-0.088045
-0.032807
0.022126
0.075532
0.12772
0.18112
0.23545
0.28763
0.3389
0.39048
0.44114
0.48814
0.53483
0.58061
0.62486
0.66606
0.70451
0.74083
0.77775
0.81132
0.84337
0.87297
0.89586
0.91752
0.93828
0.95598
0.97063
0.98283
0.99138
0.99626
0.99931
0.99901
0.99504
0.99016
0.98375
0.97093
0.95537
0.93645
0.91661
0.89403
0.86839
0.84062
0.8101
0.7747
0.73808
0.70176
0.6627
0.62028
0.57816
0.533
0.48508
0.43656
0.3859
0.33585
0.28336
0.23026
0.17777
0.12436
0.070954
0.017548
-0.036469
-0.091096
-0.14633
-0.19974
-0.25162
-0.30472
-0.35569
-0.40543
-0.45579
-0.50431
-0.54917
-0.59342
-0.63615
-0.67735
-0.71702
-0.75242
-0.7866
-0.81834
-0.84825
-0.8748
-0.90013
-0.92302
-0.94102
-0.95659
-0.97032
-0.98161
-0.99168
-0.99565
-0.99626
-0.99504
-0.99229
-0.98405
-0.97246
-0.95872
-0.94316
-0.92546
-0.90471
-0.87968
-0.85344
-0.82353
-0.7921
-0.75822
-0.72221
-0.68254
-0.64195
-0.60014
-0.55528
-0.50919
-0.46189
-0.41306
-0.36301
-0.31327
-0.25895
-0.20523
-0.15305
-0.10056
-0.044099
0.010834
0.063935
0.11582
0.168
0.22354
0.27695
0.32822
0.37949
0.43046
0.47959
0.52628
0.57176
0.61662
0.65782
0.69657
0.7335
0.77073
0.80674
0.83818
0.86778
0.8922
0.91264
0.934
0.95293
0.96696
0.981
0.99046
0.99565
0.99992
1.0002
0.99687
0.99199
0.98497
0.9749
0.95964
0.94072
0.9218
0.89921
0.87449
0.84825
0.81743
0.78294
0.74632
0.71
0.67216
0.62943
0.58732
0.54307
0.49546
0.44755
0.39719
0.34653
0.29496
0.24033
0.18784
0.13443
0.081025
0.027619
-0.026703
-0.081025
-0.13687
-0.18967
-0.24155
-0.29343
-0.34501
-0.39445
-0.4445
-0.49332
-0.53849
-0.58305
-0.62577
-0.66758
-0.70756
-0.74449
-0.77806
-0.81132
-0.84154
-0.86931
-0.89433
-0.91814
-0.93614
-0.95323
-0.96727
-0.97887
-0.98894
-0.99504
-0.99565
-0.99504
-0.99229
-0.98619
-0.97429
-0.96086
-0.9456
-0.92851
-0.90806
-0.88396
-0.85832
-0.82872
-0.79759
-0.76371
-0.72862
-0.69017
-0.65049
-0.60929
-0.56535
-0.51957
-0.47166
-0.42344
-0.37308
-0.32517
-0.27207
-0.21866
-0.16434
-0.11063
-0.056611
-0.00045777
0.053254
0.10575
0.15854
0.21195
0.26658
0.31754
0.3679
0.42008
0.46769
0.51621
0.56199
0.60563
0.64927
0.68772
0.72557
0.76341
0.7985
0.83116
0.86168
0.8867
0.90898
0.93034
0.94957
0.96483
0.97826
0.98802
0.99474
0.9984
0.99962
0.99748
0.9929
0.98619
0.97765
0.96269
0.94469
0.92668
0.90501
0.8806
0.85435
0.82383
0.79026
0.75425
0.71763
0.68162
0.6389
0.59617
0.55314
0.50523
0.45762
0.40787
0.35691
0.30564
0.25162
0.19974
0.14664
0.093233
0.040436
-0.014496
-0.068513
-0.12375
-0.17655
-0.22873
-0.28122
-0.33341
-0.38315
-0.4329
-0.48234
-0.52811
-0.57359
-0.61662
-0.65873
-0.69871
-0.73655
-0.77012
-0.80339
-0.83421
-0.86259
-0.88823
-0.91234
-0.93217
-0.94926
-0.96452
-0.97642
-0.98772
-0.99443
-0.99626
-0.99565
-0.99351
-0.98772
-0.97765
-0.96452
-0.94926
-0.93217
-0.91325
-0.88975
-0.86503
-0.83665
-0.80583
-0.77195
-0.73747
-0.69902
-0.65965
-0.61845
-0.57511
-0.52995
-0.48234
-0.43534
-0.38529
-0.33738
-0.28519
-0.23117
-0.17685
-0.12222
-0.069429
-0.013275
0.040131
0.093538
0.14603
0.20035
0.25467
0.30625
0.35691
0.40909
0.45762
0.50553
0.55161
0.59617
0.64042
0.67979
0.71824
0.75578
0.79118
0.82506
0.85527
0.88243
0.90501
0.92576
0.94591
0.963
0.9752
0.98741
0.99474
0.99809
1.0008
0.99901
0.99382
0.98833
0.97978
0.96605
0.94957
0.93065
0.9102
0.88731
0.86046
0.83177
0.79881
0.76249
0.72679
0.68986
0.64836
0.60533
0.56291
0.51682
0.46921
0.41978
0.36881
0.31754
0.26444
0.21134
0.15915
0.10575
0.052338
-0.0016785
-0.055695
-0.11093
-0.16495
-0.21775
-0.26993
-0.32303
-0.37308
-0.42252
-0.47318
-0.51926
-0.56474
-0.60838
-0.65049
-0.69108
-0.72953
-0.76402
-0.7982
-0.82902
-0.85771
-0.88304
-0.90806
-0.92882
-0.94652
-0.96178
-0.97368
-0.98466
-0.9926
-0.99504
-0.99535
-0.99382
-0.98955
-0.97978
-0.96727
-0.95232
-0.93553
-0.91691
-0.89433
-0.86992
-0.84215
-0.81132
-0.77836
-0.74418
-0.70726
-0.6688
-0.62821
-0.58579
-0.53971
-0.49332
-0.44572
-0.3975
-0.34836
-0.2974
-0.24399
-0.18845
-0.13596
-0.082246
-0.027619
0.028229
0.081636
0.13352
0.18814
0.24125
0.29435
0.34531
0.3975
0.44846
0.49516
0.54307
0.58762
0.63188
0.67277
0.71
0.74723
0.78416
0.81712
0.84886
0.87694
0.89921
0.92119
0.94102
0.95811
0.97276
0.98405
0.99229
0.99687
0.99901
0.9987
0.99565
0.98894
0.98222
0.97032
0.95323
0.93553
0.91569
0.8925
0.86778
0.8394
0.80766
0.77226
0.73472
0.69932
0.65873
0.6154
0.5742
0.52811
0.48051
0.43107
0.3798
0.32944
0.27604
0.22324
0.17044
0.11643
0.062409
0.0086976
-0.045014
-0.099947
-0.15488
-0.20798
-0.25986
-0.31235
-0.36271
-0.41184
-0.4625
-0.51011
-0.55558
-0.59922
-0.64164
-0.68223
-0.72221
-0.75669
-0.79057
-0.822
-0.8513
-0.87694
-0.90227
-0.92393
-0.94194
-0.95781
-0.97063
-0.98222
-0.99107
-0.99504
-0.99474
-0.99413
-0.99046
-0.98222
-0.96971
-0.95598
-0.93889
-0.92241
-0.90074
-0.87724
-0.85008
-0.81987
-0.78752
-0.75395
-0.71702
-0.67857
-0.63767
-0.59556
-0.55009
-0.5034
-0.45701
-0.40787
-0.35904
-0.30808
-0.25528
-0.20066
-0.14694
-0.094148
-0.037995
0.016022
0.070039
0.12192
0.17502
0.23056
0.28275
0.33494
0.38621
0.43626
0.48478
0.53147
0.57603
0.62119
0.66178
0.70176
0.7393
0.7744
0.80949
0.84276
0.87083
0.89525
0.91508
0.93584
0.95567
0.96941
0.98131
0.99168
0.99565
0.9987
1.0002
0.99596
0.98985
0.98405
0.97215
0.95598
0.93889
0.91875
0.89586
0.87175
0.84367
0.81315
0.77836
0.74083
0.70603
0.66789
0.62455
0.58305
0.53727
0.48966
0.44144
0.39048
0.34073
0.28824
0.23453
0.18235
0.12894
0.075532
0.02182
-0.031891
-0.086824
-0.14206
-0.19547
-0.24735
-0.29892
-0.3505
-0.39963
-0.4506
-0.49882
-0.54459
-0.58885
-0.63188
-0.67308
-0.71275
-0.74846
-0.78202
-0.81468
-0.84428
-0.87144
-0.89616
-0.91936
-0.93706
-0.95445
-0.96727
-0.97978
-0.98894
-0.99443
-0.99443
-0.99474
-0.99199
-0.98466
-0.97337
-0.95933
-0.94347
-0.92607
-0.90593
-0.88121
-0.85557
-0.82506
-0.79362
-0.75944
-0.72343
-0.68498
-0.64469
-0.60349
-0.55772
-0.51316
-0.46586
-0.41794
-0.36851
-0.31876
-0.26596
-0.21225
-0.15976
-0.10513
-0.050507
0.0044251
0.058442
0.1091
0.1622
0.21744
0.26963
0.32273
0.37369
0.42466
0.4744
0.5211
0.56718
0.61265
0.65354
0.69322
0.73045
0.76646
0.80247
0.83482
0.86381
0.88975
0.91081
0.93217
0.95232
0.96635
0.97856
0.98985
0.99504
0.99748
0.99992
0.99626
0.99107
0.98589
0.9752
0.96025
0.94316
0.92363
0.90257
0.87907
0.8513
0.8217
0.78782
0.75029
0.71489
0.67643
0.63432
0.59251
0.54826
0.50126
0.45243
0.40269
0.35233
0.30014
0.24643
0.19303
0.14084
0.086824
0.034028
-0.019989
-0.075227
-0.12985
-0.18387
-0.23514
-0.28824
-0.33951
-0.38926
-0.43931
-0.48875
-0.53452
-0.57908
-0.62272
-0.66361
-0.70481
-0.74083
-0.7747
-0.80705
-0.83787
-0.86503
-0.89128
-0.91478
-0.93431
-0.95079
-0.96544
-0.97642
-0.9868
-0.99199
-0.99382
-0.99351
-0.99199
-0.98558
-0.9752
-0.96086
-0.94591
-0.93034
-0.91081
-0.88609
-0.86137
-0.83299
-0.80156
-0.76829
-0.73228
-0.69413
-0.65354
-0.61295
-0.5687
-0.52293
-0.47532
-0.42771
-0.37766
-0.32944
-0.27787
-0.22385
-0.16953
-0.11612
-0.062104
-0.005951
0.047456
0.10025
0.15305
0.20737
0.26078
0.31205
0.36332
0.41459
0.46311
0.51164
0.55711
0.60166
0.645
0.68345
0.7216
0.75853
0.79454
0.8275
0.85771
0.88457
0.90623
0.92699
0.94804
0.96361
0.97612
0.98772
0.99443
0.99779
1.0005
0.99779
0.9929
0.98741
0.97765
0.96422
0.94743
0.9279
0.90776
0.88334
0.85618
0.8278
0.79393
0.75822
0.72251
0.68528
0.64378
0.60105
0.55833
0.51164
0.46372
0.41459
0.36301
0.31174
0.25742
0.20554
0.15305
0.099031
0.04593
-0.0080873
-0.062409
-0.11765
-0.17197
-0.22507
-0.27756
-0.33005
-0.3798
-0.42985
-0.4799
-0.52598
-0.57084
-0.61479
-0.6569
-0.69657
-0.73503
-0.7686
-0.79149
-0.55406
-0.17533
0.037995
0.1207
0.16739
0.21622
0.2681
0.32151
0.37278
0.42466
0.47349
0.52079
0.56687
0.61143
0.65354
0.692
0.72923
0.76677
0.80095
0.83391
0.86412
0.88884
0.91112
0.93217
0.95109
0.96635
0.97948
0.99016
0.99748
1.0005
1.0018
0.99962
0.99443
0.98772
0.97734
0.96269
0.94499
0.92546
0.9044
0.88029
0.85252
0.82322
0.78782
0.7509
0.7158
0.67735
0.63554
0.59281
0.54856
0.50187
0.45396
0.4036
0.35264
0.30167
0.24735
0.19486
0.14267
0.08835
0.035248
0
