0.0434882
0.04
0.04
0.04
0.04
0.04
0.04
0.00
0.04
0.04
0.04
0.04
0.04
0.04
0.04
0.04
0.04
0.04
0.04
0.04
0.04
0.04
0.04
0.04
0.04
0.04
0.04
0.04
0.04
0.04
0.04
0.04
0.04
0.04
0.04
0.04
0.04
0.04
0.04
0.04
0.04
0.04
0.04
0.04
0.04
0.04
0.04
0.04
0.04
0.04
0.04
0.04
0.04
0.04
0.04
0.04
0.04
0.04
0.04
0.04
0.04
0.04
0.04
0.04
0.04
0.04
0.04
0.04
0.04
0.04
0.04
0.04
0.04
0.04
0.04
0.04
0.04
0.04
0.04
0.04
0.04
0.04
0.04
0.04
0.04
0.04
0.04
0.04
0.04
0.04
0.04
0.04
0.04
0.04
0.04
0.04
0.04
0.04
0.04
0.04
0.04
0.04
0.04
0.04
0.04
0.04
0.04
0.04
0.04
0.04
0.04
0.04
0.04
0.04
0.04
0.04
0.04
0.04
0.04
0.04
0.04
0.04
0.04
0.04
0.04
0.04
0.04
0.04
0.04
0.04
0.04
0.04
0.04
0.04
0.04
0.04
0.04
0.04
0.04
0.04
0.04
0.04
0.04
0.04
0.04
0.04
0.04
0.04
0.04
0.04
0.04
0.04
0.04
0.04
0.04
0.04
0.04
0.04
0.04
0.04
0.04
0.04
0.04
0.04
0.04
0.04
0.04
0.04
0.04
0.04
0.04
0.04
0.04
0.04
0.04
0.04
0.04
0.04
0.04
0.04
0.04
0.04
0.04
0.04
0.04
0.04
0.04
0.04
0.04
0.04
0.04
0.04
0.04
0.04
0.04
0.04
0.04
0.04
0.04
0.04
0.04
0.04
0.04
0.04
0.04
0.04
0.04
0.04
0.04
0.04
0.04
0.04
0.04
0.04
0.04
0.04
0.04
0.04
0.04
0.04
0.04
0.04
0.04
0.04
0.04
0.04
0.04
0.04
0.04
0.04
0.04
0.04
0.04
0.04
0.04
0.04
0.04
0.04
0.04
0.04
0.04
0.04
0.04
0.04
0.04
0.04
0.04
0.04
0.04
0.04
0.04
0.04
0.04
0.04
0.04
0.04
0.04
0.04
0.04
0.04
0.04
0.04
0.04
0.04
0.04
0.04
0.04
0.04
0.04
0.04
0.04
0.04
0.04
0.04
0.04
0.04
0.04
0.04
0.04
0.04
0.04
0.04
0.04
0.04
0.04
0.04
0.04
0.04
0.04
0.04
0.04
0.04
0.04
0.04
0.04
0.04
0.04
0.04
0.04
0.04
0.04
0.04
0.04
0.04
0.04
0.04
0.04
0.04
0.04
0.04
0.04
0.04
0.04
0.04
0.04
0.04
0.04
0.04
0.04
0.04
0.04
0.04
0.04
0.04
0.04
0.04
0.04
0.04
0.04
0.04
0.04
0.04
0.04
0.04
0.04
0.04
0.04
0.04
0.04
0.04
0.04
0.04
0.04
0.04
0.04
0.04
0.04
0.04
0.04
0.04
0.04
0.04
0.04
0.04
0.04
0.04
0.04
0.04
0.04
0.04
0.04
0.04
0.04
0.04
0.04
0.04
0.04
0.04
0.04
0.04
0.04
0.04
0.04
0.04
0.04
0.04
0.04
0.04
0.04
0.04
0.04
0.04
0.04
0.04
0.04
0.04
0.04
0.04
0.04
0.04
0.04
0.04
0.04
0.04
0.04
0.04
0.04
0.04
0.04
0.04
0.04
0.04
0.04
0.04
0.04
0.04
0.04
0.04
0.04
0.04
0.04
0.04
0.04
0.04
0.04
0.04
0.04
0.04
0.04
0.04
0.04
0.04
0.04
0.04
0.04
0.04
0.04
0.04
0.04
0.04
0.04
0.04
0.04
0.04
0.04
0.04
0.04
0.04
0.04
0.04
0.04
0.04
0.04
0.04
0.04
0.04
0.04
0.04
0.04
0.04
0.04
0.04
0.04
0.04
0.04
0.04
0.04
0.04
0.04
0.04
0.04
0.04
0.04
0.04
0.04
0.04
0.04
0.04
0.04
0.04
0.04
0.04
0.04
0.04
0.04
0.04
0.04
0.04
0.04
0.04
0.04
0.04
0.04
0.04
0.04
0.04
0.04
0.04
0.04
0.04
0.04
0.04
0.04
0.04
0.04
0.04
0.04
0.04
0.04
0.04
0.04
0.04
0.04
0.04
0.04
0.04
0.04
0.04
0.04
0.04
0.04
0.04
8.75
-5.78
1.95
-8.75
1.56
-7.66
2.58
-9.14
-1.56
5.55
-8.44
-4.06
-3.20
-5.86
9.30
2.04
-9.06
-4.61
-3.43
-4.61
-9.76
0.63
8.28
-7.26
-5.23
-5.54
-8.51
5.86
-2.66
8.05
-0.16
-8.91
0.94
9.92
0.31
-7.50
6.48
2.34
-0.39
-0.16
2.34
8.51
-2.04
-9.38
6.64
6.09
-9.93
-2.89
6.48
-0.86
-4.85
-4.85
-2.03
1.64
7.42
-5.24
4.37
-5.62
4.61
-6.48
2.81
-8.05
0.08
6.17
9.92
-9.06
9.22
5.86
-0.86
8.36
-6.25
-3.51
-4.14
-8.67
3.05
-8.75
-3.04
0.08
0.16
-3.12
-8.83
3.83
-3.51
8.13
-1.02
8.67
-2.34
7.65
0.31
-5.94
8.59
4.76
3.90
6.64
-7.11
0.78
-7.35
7.11
6.01
8.67
-5.16
3.67
-4.61
-7.74
-8.67
-7.66
-4.69
0.39
7.89
-2.19
7.58
-3.67
5.39
-4.53
5.24
-6.72
-0.31
4.14
5.24
4.30
1.49
-3.82
6.02
-7.73
-3.67
-4.06
-7.42
5.08
-5.23
1.72
5.24
5.16
2.74
-2.11
-8.59
4.22
-4.22
6.17
-4.53
4.45
-4.30
7.97
0.54
-5.08
-8.99
9.14
-8.83
-3.91
3.12
-6.33
8.67
6.56
7.50
-7.82
0.78
-7.50
8.28
6.17
6.56
9.53
-5.24
2.50
-9.06
0.47
8.91
-2.19
8.28
-1.64
7.19
-6.95
-3.12
0.00
0.00
-1.40
-6.32
4.30
-8.43
-3.75
-2.57
-6.64
7.19
-2.11
5.39
9.07
9.85
7.74
3.67
-1.56
-8.28
2.97
-8.20
1.80
-7.58
3.51
-4.61
7.11
-0.00
-4.07
-5.47
-4.30
-0.78
5.39
-4.77
9.29
6.56
7.03
-8.99
-1.41
10.00
3.98
0.62
-0.16
2.03
7.58
-4.53
3.36
-8.36
1.64
-8.20
1.49
-8.59
-0.31
6.56
-8.83
-5.00
-3.59
-5.39
9.69
1.57
9.69
-4.92
-2.89
-5.23
9.46
0.86
8.60
-6.33
-4.84
-6.87
-9.45
6.17
-0.78
-9.69
-0.94
8.59
-0.08
-8.28
2.81
-6.17
6.87
2.03
0.23
0.62
3.43
9.45
-2.04
-9.30
6.87
6.56
9.22
-3.68
6.95
0.31
-4.14
-5.78
-3.28
2.34
8.75
-4.38
3.91
-6.56
4.06
-5.86
4.85
-6.95
-0.31
5.00
9.61
-8.43
-9.84
5.16
-2.42
7.50
-6.17
-3.36
-4.76
-9.14
3.28
-7.58
-2.97
-1.09
-1.64
-3.67
-7.58
5.94
-3.91
6.25
-3.13
7.73
-1.64
8.67
-0.47
-7.50
8.04
6.17
5.62
6.56
-8.13
0.78
-7.58
8.12
6.25
8.28
-5.78
3.28
-3.99
-9.07
10.00
-8.36
-3.91
1.95
8.59
-3.36
5.94
-3.05
8.13
-2.97
4.92
-7.89
-1.56
3.67
6.49
5.47
1.10
-4.92
5.79
-6.79
-3.36
-3.59
-6.87
6.25
-4.22
1.49
4.22
5.16
3.67
-1.40
-8.20
2.89
-6.25
4.84
-3.98
5.78
-4.22
6.79
-0.63
-5.39
-8.44
-9.30
-8.60
-4.77
3.75
-5.47
8.59
6.72
8.36
-6.80
1.25
-7.50
7.50
5.47
6.56
-9.77
-5.31
0.78
8.75
-1.17
-9.84
0.63
9.38
-2.81
5.63
-6.40
-1.17
0.71
0.55
-2.18
-7.73
4.22
-8.43
-4.06
-3.36
-5.78
8.44
-2.11
4.61
9.07
-9.22
9.77
5.24
-1.56
-9.84
2.03
-6.25
3.83
-6.95
2.81
-6.10
7.26
1.33
-3.52
-5.78
-4.53
-1.02
6.01
-4.14
9.76
6.64
6.79
-8.91
-1.18
9.06
2.97
0.78
1.40
3.98
7.34
-6.95
1.80
-8.05
2.66
-7.81
0.94
9.69
-0.70
6.49
-7.65
-4.84
-5.31
-6.72
9.46
1.72
-9.84
-4.68
-2.81
-4.14
9.46
0.16
8.36
-6.17
-3.67
-4.92
-9.37
4.22
-2.50
-9.69
1.17
-9.38
-0.24
9.84
0.94
-6.56
7.50
3.28
-0.63
-0.71
2.73
8.82
-2.04
-9.38
7.03
7.11
10.00
-3.36
6.33
0.15
-3.05
-3.13
-2.03
1.01
7.26
-4.84
4.77
-5.55
4.06
-7.19
2.19
-7.81
0.63
6.10
8.99
-9.92
8.99
5.39
-0.93
8.21
-5.70
-2.34
-3.20
-8.20
2.97
-7.89
-1.64
0.63
0.24
-3.04
-8.75
4.77
-2.73
8.91
-1.88
6.87
-3.28
8.51
1.01
-5.94
8.36
4.45
4.22
7.26
-7.50
0.15
-7.66
7.81
6.87
8.82
-6.10
3.36
-3.91
-7.74
-8.83
-8.05
-5.08
0.62
9.06
-1.48
7.42
-4.14
5.70
-3.51
5.70
-6.33
-1.33
2.50
5.16
5.55
2.11
-4.37
5.86
-6.72
-3.67
-3.59
-6.79
5.39
-5.15
1.57
4.69
4.53
1.56
-2.11
-7.42
4.30
-5.23
4.69
-5.86
4.76
-3.83
8.28
-0.47
-6.80
9.53
9.76
-8.05
-4.30
2.96
-6.18
8.36
6.32
7.42
-6.96
1.64
-6.25
8.04
4.84
5.15
8.51
-4.92
2.58
-9.38
-1.25
8.20
-1.64
9.38
-0.31
7.58
-7.11
-2.73
0.39
1.25
-1.01
-7.11
3.60
-8.43
-4.21
-3.82
-6.17
7.50
-2.03
5.16
9.38
9.69
7.35
4.38
-0.55
-8.05
2.11
-7.97
2.50
-6.25
4.22
-5.55
6.40
-0.71
-4.07
-5.00
-4.30
-0.32
5.62
-4.38
9.53
6.32
6.79
-8.91
-0.78
9.76
3.59
0.62
-0.08
3.04
8.44
-4.69
2.58
-8.67
0.78
-8.51
2.27
-8.28
-0.78
5.31
-8.59
-4.61
-3.75
-6.17
8.60
1.02
9.77
-4.84
-3.75
-5.47
9.93
1.18
9.30
-6.25
-5.15
-6.17
-7.89
6.64
-1.01
9.30
0.00
-8.83
1.80
-8.13
1.72
-7.66
6.09
2.97
1.09
0.39
2.73
8.28
-2.58
-9.38
6.95
5.93
8.75
-3.60
6.48
-0.55
-4.61
-5.24
-1.96
2.97
8.59
-5.00
3.59
-5.62
4.53
-4.92
3.52
-8.44
-0.54
5.47
-10.00
-8.67
9.30
5.78
-1.25
8.68
-5.07
-3.04
-4.21
-8.43
3.75
-7.97
-2.97
-0.62
-0.23
-2.26
-7.50
4.84
-3.91
7.11
-1.80
9.53
-1.33
8.44
-0.24
-6.80
9.06
6.64
5.15
6.56
-8.21
0.31
-7.50
7.65
6.32
8.82
-5.00
4.37
-3.91
-8.99
-9.77
-7.81
-3.99
1.25
7.97
-3.52
7.58
-1.25
7.58
-4.69
3.99
-7.42
-0.31
4.69
6.57
4.77
0.94
-3.90
6.72
-7.34
-3.59
-2.96
-6.79
5.78
-5.31
0.39
4.46
5.00
3.21
-1.40
-9.06
3.20
-5.08
5.39
-4.53
5.55
-4.30
7.26
0.94
-4.38
-8.67
9.68
-9.30
-3.99
3.75
-5.79
8.04
6.01
7.26
-7.58
0.31
-7.50
7.58
5.47
6.64
9.22
-6.25
-0.08
8.91
0.16
-10.00
-1.09
7.42
-2.58
6.64
-5.86
-1.40
0.47
0.16
-1.87
-7.50
3.68
-8.75
-3.98
-2.96
-6.01
8.05
-1.87
4.93
9.14
-9.06
8.60
3.91
-2.03
-9.22
2.66
-6.48
2.89
-8.36
2.19
-5.70
7.58
1.56
-3.28
-5.16
-4.77
-0.94
6.95
-3.36
9.68
7.03
7.11
-8.75
-2.03
8.59
3.59
1.25
1.33
2.89
6.95
-5.78
3.36
-6.95
1.80
-8.67
0.70
-9.06
0.16
6.80
-8.75
-6.01
-4.45
-6.25
9.22
1.57
9.77
-4.53
-2.65
-4.45
9.77
0.55
8.68
-6.17
-4.45
-5.70
9.38
4.14
-1.87
-9.77
0.39
9.61
-0.78
9.76
2.34
-5.63
6.64
1.48
-0.39
0.86
3.43
9.61
-1.18
-9.54
7.34
6.95
-9.93
-4.14
6.33
0.54
-2.74
-4.46
-3.21
1.09
7.65
-3.75
4.53
-6.64
3.20
-6.33
4.06
-7.11
-0.08
5.24
8.52
-9.29
-9.37
6.10
-1.17
7.97
-6.25
-3.12
-4.53
-8.59
3.44
-7.65
-1.72
0.32
-0.54
-3.44
-7.73
6.33
-2.19
7.58
-2.97
6.95
-1.56
10.00
1.72
-6.33
7.42
4.53
5.07
7.97
-7.66
0.15
-7.74
8.28
6.72
8.28
-5.71
3.82
-3.68
-8.28
9.76
-8.91
-5.39
1.01
8.67
-3.20
5.55
-4.22
6.56
-3.05
6.10
-6.79
-1.56
3.36
6.02
5.55
2.82
-4.29
6.10
-6.56
-2.81
-2.89
-7.11
5.55
-4.29
1.80
4.85
4.46
2.35
-1.40
-7.50
4.69
-5.16
4.37
-4.69
6.48
-2.66
7.26
-1.25
-6.02
-8.75
9.84
-8.83
-5.00
2.26
-6.33
8.59
6.56
7.65
-7.43
1.64
-6.72
7.73
5.00
6.17
9.61
-4.22
1.95
8.83
-2.19
8.83
-0.31
9.30
-2.11
5.78
-7.65
-2.18
1.02
1.18
-2.57
-8.36
3.75
-8.36
-3.43
-2.81
-5.62
7.74
-2.11
5.47
8.36
9.22
8.67
5.63
-0.94
-9.84
1.09
-7.66
2.89
-6.56
2.97
-6.10
5.86
0.70
-2.82
-5.08
-4.30
-0.71
5.78
-3.75
-9.77
6.56
7.42
-8.83
-0.94
9.45
2.57
-0.08
1.01
4.29
8.51
-6.17
1.64
-8.75
1.33
-7.97
1.80
-10.00
-2.03
5.31
-8.98
-4.84
-3.98
-6.64
8.13
1.25
-9.53
-5.07
-3.90
-4.76
-9.76
0.55
8.21
-7.26
-5.15
-5.54
-8.67
5.86
-2.66
7.97
-0.16
-8.91
1.01
10.00
0.78
-6.88
7.26
3.04
0.15
0.54
2.57
8.90
-1.72
-9.14
6.79
6.17
-9.85
-2.89
6.48
-0.63
-4.53
-4.61
-1.96
1.64
7.42
-5.16
4.61
-5.31
4.69
-6.64
2.66
-8.12
-0.15
5.71
9.53
-9.37
8.99
5.63
-0.70
8.75
-6.01
-3.28
-3.98
-8.75
2.97
-8.51
-2.73
0.63
0.55
-2.81
-8.44
4.22
-3.20
8.28
-0.86
8.75
-2.27
7.97
0.62
-5.63
8.59
4.92
3.90
6.56
-7.11
0.54
-7.66
6.79
5.93
8.51
-5.39
3.36
-4.77
-7.74
-8.99
-7.89
-4.92
0.15
7.73
-2.50
7.34
-3.75
5.31
-4.45
5.16
-6.72
0.00
4.30
5.16
4.46
1.88
-3.75
6.02
-7.42
-3.67
-4.14
-7.18
5.63
-5.00
1.80
5.55
5.63
3.05
-1.87
-8.28
5.00
-3.67
6.64
-4.06
4.84
-4.06
8.12
0.62
-5.08
-9.14
9.37
-8.75
-3.91
3.12
-6.57
8.51
6.48
7.18
-8.21
0.39
-7.66
8.20
5.93
6.33
9.30
-5.55
1.95
-9.45
0.08
8.67
-2.50
7.97
-1.95
7.19
-7.03
-3.43
-0.62
-0.54
-2.11
-7.11
3.75
-8.51
-3.90
-3.04
-6.48
7.43
-1.95
5.55
9.38
-9.92
7.81
3.75
-1.40
-8.20
3.20
-7.66
2.42
-6.95
4.06
-4.06
7.42
0.15
-3.75
-5.08
-4.07
-0.55
5.54
-4.69
9.22
6.09
6.56
-9.54
-1.96
9.53
3.36
-0.00
-0.78
1.72
7.26
-4.92
3.20
-8.52
1.17
-8.75
0.94
-9.22
-0.78
5.71
-9.45
-5.47
-3.59
-5.78
9.22
1.41
9.85
-5.00
-2.89
-4.84
9.77
1.02
8.91
-5.86
-4.61
-6.56
-9.22
6.64
-0.47
-9.30
-0.47
9.06
0.47
-7.74
3.20
-5.86
6.95
2.18
0.62
0.86
3.59
9.53
-1.88
-9.22
6.95
6.56
9.14
-3.44
6.95
0.54
-4.07
-5.47
-2.97
2.58
8.91
-4.45
3.83
-6.56
4.30
-5.70
4.45
-7.65
-0.78
4.92
9.22
-8.67
-9.68
5.55
-2.03
7.89
-5.23
-2.57
-4.37
-8.43
4.07
-7.03
-2.65
-0.62
-1.09
-3.12
-7.11
6.25
-3.51
6.64
-2.66
8.28
-1.09
9.06
-0.31
-7.27
8.44
6.64
6.01
6.87
-7.89
1.32
-7.04
8.43
6.48
8.51
-5.47
3.36
-3.99
-9.14
9.84
-8.60
-4.22
1.64
8.36
-3.36
6.09
-3.20
7.74
-3.20
5.08
-7.73
-1.48
3.36
6.41
5.47
1.10
-4.68
5.94
-6.72
-3.20
-3.36
-6.72
6.25
-4.22
1.33
4.30
5.47
4.14
-0.86
-7.65
3.59
-5.55
5.47
-3.28
6.09
-4.22
6.95
-0.39
-5.32
-8.36
-9.30
-8.68
-5.00
3.67
-5.55
8.59
6.32
7.81
-7.19
0.86
-8.05
7.03
5.31
6.40
-9.92
-5.47
0.78
8.75
-1.33
9.84
0.16
8.83
-3.28
4.85
-7.42
-1.87
0.55
0.47
-2.50
-7.73
4.54
-8.59
-4.61
-3.36
-5.62
8.44
-1.72
5.16
9.22
-9.22
9.77
5.39
-1.33
-9.30
2.34
-6.41
3.67
-7.19
2.73
-5.94
7.50
1.72
-3.13
-5.55
-4.61
-1.02
5.93
-4.30
9.84
6.64
7.11
-8.75
-1.25
8.90
2.89
0.78
1.40
3.75
6.87
-7.34
1.41
-8.36
2.19
-8.44
0.47
9.30
-1.01
6.49
-7.50
-4.92
-5.07
-6.56
9.61
1.88
-9.68
-4.76
-2.73
-4.29
9.46
0.00
7.97
-6.87
-4.37
-5.47
-9.84
4.06
-2.34
-9.30
1.41
-9.06
0.16
-9.84
1.25
-6.33
7.26
3.04
-0.78
-0.94
2.42
8.67
-2.04
-9.61
6.72
6.87
9.76
-3.68
6.25
0.07
-3.05
-3.60
-2.58
0.62
7.03
-5.31
4.45
-6.09
3.59
-7.50
2.19
-7.73
0.86
6.02
9.07
-9.68
9.38
5.47
-1.25
8.05
-5.62
-2.65
-3.82
-8.36
3.13
-7.89
-1.56
0.63
0.31
-2.89
-8.51
5.31
-2.42
9.30
-1.64
7.26
-2.74
9.37
2.19
-5.16
8.90
4.92
4.68
7.97
-6.88
0.70
-7.27
8.12
7.11
8.90
-5.94
3.36
-3.91
-7.74
-8.99
-8.13
-4.92
0.55
9.14
-1.56
6.87
-4.61
5.55
-3.59
5.70
-6.64
-1.64
2.35
5.32
5.71
2.27
-4.21
6.18
-6.56
-3.51
-3.36
-6.40
5.55
-4.92
2.11
5.16
4.85
1.72
-1.64
-6.80
4.92
-4.84
5.16
-5.23
5.62
-3.05
8.90
0.31
-6.02
-9.61
-9.61
-7.58
-3.91
3.04
-6.25
8.43
6.09
7.26
-7.27
1.17
-6.80
7.58
4.53
4.92
8.12
-5.39
2.42
-9.77
-1.72
7.42
-2.26
8.59
-1.40
6.41
-7.81
-3.28
-0.23
0.78
-1.40
-7.42
3.21
-8.75
-4.14
-3.51
-6.25
7.50
-1.72
5.24
9.46
9.85
7.89
4.77
-0.55
-7.97
2.03
-7.97
2.58
-6.09
4.14
-5.31
6.56
-0.39
-3.99
-4.85
-4.14
-0.24
5.62
-4.54
9.14
5.70
6.17
-9.61
-1.33
9.29
3.04
-0.00
-0.55
2.81
8.20
-5.16
1.87
-9.45
0.00
-9.14
1.88
-8.75
-1.40
4.77
-8.90
-5.08
-4.37
-6.48
8.60
0.94
9.69
-4.76
-3.75
-5.78
-9.92
1.25
9.22
-6.40
-5.31
-6.01
-8.12
6.56
-1.25
9.14
-0.31
-8.98
1.56
-8.52
1.48
-7.50
6.64
3.43
1.25
0.47
3.04
8.59
-2.19
-9.07
7.50
6.56
9.37
-3.21
6.72
-0.47
-4.61
-5.47
-2.03
2.89
8.36
-5.00
3.36
-6.02
3.91
-5.55
3.20
-8.75
-1.01
4.61
9.69
-8.90
8.68
5.24
-1.25
8.52
-5.70
-2.96
-4.06
-8.67
3.75
-7.58
-2.65
-0.39
0.08
-1.87
-7.34
4.77
-3.83
7.11
-1.80
9.61
-1.25
8.28
-0.31
-6.72
9.06
6.40
5.00
6.01
-8.68
-0.16
-7.97
7.11
5.78
8.28
-5.71
3.36
-4.77
-9.61
9.45
-8.60
-4.85
0.23
7.03
-4.61
6.64
-2.19
6.72
-5.08
3.67
-7.81
-0.39
4.38
6.18
4.61
0.94
-4.14
6.49
-7.50
-3.82
-3.12
-6.64
5.94
-5.39
0.55
4.85
5.32
3.21
-1.33
-8.44
4.14
-4.30
5.86
-4.30
5.70
-3.91
7.81
1.33
-4.07
-8.44
9.68
-9.38
-3.99
3.67
-5.86
7.89
5.86
7.34
-7.35
0.62
-7.58
7.50
5.23
6.09
8.98
-6.41
-0.08
8.83
-0.23
9.45
-1.56
7.19
-2.50
6.56
-6.25
-1.87
0.32
-0.07
-2.57
-7.89
3.75
-8.82
-4.29
-2.89
-6.17
7.74
-2.11
5.00
9.14
-9.37
8.60
4.14
-1.64
-8.83
2.89
-6.48
3.12
-7.89
2.81
-5.00
7.73
1.64
-3.13
-5.00
-4.93
-0.94
6.87
-3.68
9.29
6.72
6.79
-9.07
-2.50
8.43
3.43
1.33
1.25
2.58
6.64
-6.02
2.73
-7.66
1.17
-9.22
0.39
-9.69
-0.39
6.49
-8.90
-6.56
-5.23
-6.48
8.99
0.71
9.30
-4.14
-2.57
-4.45
-9.76
1.10
9.07
-5.62
-3.59
-4.76
-10.00
4.77
-1.33
-9.22
0.94
-9.84
-0.31
-9.77
2.58
-5.24
6.95
1.79
-0.16
1.01
3.51
9.61
-1.18
-9.46
7.18
6.64
9.76
-4.53
5.86
-0.00
-3.28
-4.92
-3.52
0.70
7.50
-3.83
4.53
-6.64
3.20
-6.48
3.52
-7.42
-0.23
5.24
8.36
-9.61
-9.68
5.94
-1.25
8.36
-5.70
-2.50
-3.75
-7.81
3.99
-7.34
-1.25
0.63
-0.54
-3.44
-7.50
6.49
-2.03
7.97
-2.73
7.03
-1.33
-9.77
1.72
-6.17
7.50
4.68
5.15
7.73
-7.82
-0.08
-8.21
7.97
6.32
7.89
-5.86
3.75
-3.75
-8.52
9.61
-9.14
-5.55
0.86
8.36
-3.83
4.77
-4.84
5.86
-3.83
5.08
-7.73
-2.65
2.58
5.47
5.16
2.35
-4.61
5.94
-6.79
-3.43
-3.43
-7.26
5.39
-4.37
1.96
5.00
4.85
2.89
-0.86
-7.19
4.92
-4.92
4.61
-4.22
6.95
-2.42
7.50
-0.94
-5.71
-8.52
-9.77
-8.36
-4.61
2.73
-5.86
8.75
6.48
7.57
-7.50
1.56
-6.80
7.65
5.00
5.86
9.14
-5.00
1.01
7.89
-2.81
8.28
-0.70
8.75
-2.81
5.16
-7.81
-2.34
0.47
0.63
-2.89
-8.82
3.29
-8.59
-3.67
-2.96
-5.54
8.28
-1.64
5.71
8.91
-10.00
9.53
6.02
-0.55
-9.37
1.64
-6.80
3.83
-5.70
3.67
-5.63
6.40
1.01
-2.42
-4.77
-4.07
-0.71
5.86
-3.75
-9.77
6.48
7.42
-8.99
-1.25
9.29
2.73
-0.24
0.78
3.90
8.05
-6.49
1.17
-9.14
1.02
-8.59
1.25
9.53
-2.58
4.77
-9.29
-4.84
-4.06
-6.95
7.97
0.94
-9.92
-5.39
-3.98
-4.84
-9.76
0.94
8.75
-6.87
-4.68
-5.23
-8.28
6.17
-2.26
8.67
0.70
-8.20
1.64
-9.45
1.17
-6.56
7.34
3.12
0.31
0.62
2.97
8.90
-1.64
-9.30
6.48
6.01
9.92
-3.21
6.17
-1.02
-5.00
-4.92
-2.27
1.17
6.80
-5.78
4.14
-6.02
4.06
-7.26
2.11
-8.51
-0.62
5.47
9.22
-9.76
8.68
5.47
-1.09
8.21
-6.32
-3.67
-4.53
-9.14
2.66
-8.83
-3.04
0.55
0.71
-2.58
-8.44
4.14
-3.12
8.20
-0.86
8.59
-2.27
7.73
0.54
-5.55
8.83
5.08
3.98
6.64
-6.96
0.86
-7.50
6.95
5.78
8.20
-5.78
3.04
-5.08
-8.36
-9.53
-8.67
-5.78
-0.70
7.03
-3.20
6.64
-4.45
4.77
-5.15
4.53
-7.26
-0.78
3.75
4.77
4.14
1.57
-3.75
6.02
-7.57
-3.51
-3.75
-7.11
5.55
-4.76
2.43
5.94
5.78
3.36
-1.48
-7.81
5.31
-3.28
6.87
-4.06
5.08
-3.67
8.51
0.94
-4.61
-8.60
9.68
-8.60
-3.75
3.28
-6.41
8.59
6.64
7.57
-8.05
0.70
-7.58
7.73
5.39
5.54
8.36
-6.33
1.41
-9.92
-0.39
8.28
-2.97
7.34
-2.50
6.33
-7.50
-3.90
-0.93
-0.70
-2.11
-6.95
4.07
-7.97
-3.36
-2.57
-6.17
7.74
-1.64
5.86
9.92
-9.37
8.28
4.06
-0.86
-7.58
3.91
-7.11
2.89
-6.56
4.45
-3.83
7.65
0.31
-3.67
-5.24
-4.30
-0.71
5.47
-4.61
9.45
6.48
6.79
-9.54
-1.72
9.68
3.67
0.08
-0.78
1.48
6.95
-5.39
2.58
-8.98
0.86
-8.91
0.78
-9.45
-1.25
5.55
-9.45
-5.62
-3.98
-5.70
9.38
1.41
9.69
-4.84
-2.65
-4.61
-9.68
1.80
9.30
-5.54
-4.22
-6.25
-8.75
6.95
-0.08
-8.91
0.00
9.61
1.01
-7.19
3.59
-5.47
7.34
2.58
1.01
1.32
4.14
9.61
-1.72
-8.99
7.11
6.64
9.29
-3.52
6.95
0.39
-4.38
-6.10
-3.67
1.95
8.20
-5.24
3.05
-7.34
3.52
-6.25
4.14
-7.58
-0.78
4.77
9.53
-8.43
-9.92
5.00
-2.42
7.58
-6.17
-3.36
-4.61
-8.90
3.52
-7.18
-2.73
-0.78
-1.40
-3.20
-7.03
6.33
-3.59
6.48
-2.73
7.97
-1.25
9.06
-0.24
-6.96
8.75
6.72
6.09
6.79
-7.97
1.01
-7.35
8.12
6.32
8.36
-5.39
3.51
-3.99
-9.22
9.84
-8.75
-4.85
0.94
7.50
-4.06
5.62
-3.36
7.42
-3.59
4.53
-8.36
-2.03
3.05
5.86
5.08
0.63
-5.47
5.47
-6.87
-3.43
-3.43
-6.56
6.33
-4.06
1.41
4.53
5.47
4.06
-1.09
-7.73
3.52
-5.31
5.94
-2.89
6.48
-3.67
7.42
-0.00
-5.00
-8.05
-8.99
-8.36
-4.77
3.75
-5.63
8.43
6.32
7.89
-7.35
0.62
-8.13
6.95
5.23
6.25
9.92
-5.78
0.31
8.51
-1.72
9.22
-0.55
8.36
-3.59
4.53
-7.73
-1.95
0.32
0.32
-2.42
-7.57
4.61
-8.51
-4.06
-2.96
-5.70
8.44
-1.64
5.39
9.30
-9.22
9.77
5.39
-1.40
-9.30
2.50
-6.02
4.14
-6.72
3.05
-5.47
7.89
1.95
-2.97
-5.55
-4.38
-0.71
6.32
-3.99
9.84
6.56
6.72
-9.07
-1.41
8.51
2.42
0.47
1.17
3.36
6.48
-7.66
1.09
-8.59
1.88
-8.75
0.00
8.75
-1.56
6.02
-8.12
-5.47
-5.47
-6.56
9.85
1.88
-9.68
-4.45
-2.50
-4.14
9.77
0.71
8.75
-5.78
-3.20
-4.45
-9.06
4.53
-2.19
-9.14
1.72
-8.59
0.70
-9.30
2.11
-5.47
8.20
3.83
-0.24
-0.32
3.04
9.06
-1.72
-9.22
7.26
6.95
9.84
-3.60
6.09
-0.16
-3.36
-3.67
-2.58
0.78
6.95
-5.24
4.22
-6.41
3.28
-9.29
-1.20
-5.46
-1.20
-5.46
-1.20
-5.46
-1.20
-5.46
-1.20
-5.46
-1.20
-5.46
-1.20
-5.46
-1.20
-5.46
-1.20
-5.46
-1.20
-5.46
-1.20
-5.46
-1.20
-5.46
-1.20
-5.46
-1.20
-5.46
-1.20
-5.46
-1.20
-5.46
-1.20
-5.46
-1.20
-5.46
-1.20
-5.46
-1.20
-5.46
-1.20
-5.46
-1.20
-5.46
-1.20
-5.46
-1.20
-5.46
-1.20
-5.46
-1.20
-5.46
-1.20
-5.46
-1.20
-5.46
-1.20
-5.46
-1.20
-5.46
-1.20
-5.46
-1.20
-5.46
-1.20
-5.46
-1.20
-5.46
-1.20
-5.46
-1.20
-5.46
-1.20
-5.46
-1.20
-5.46
-1.20
-5.46
-1.20
-5.46
-1.20
-5.46
-1.20
-5.46
-1.20
-5.46
-1.20
-5.46
-1.20
-5.46
-1.20
-5.46
-1.20
-5.46
-1.20
-5.46
-1.20
-5.46
-1.20
-5.46
-1.20
-5.46
-1.20
-5.46
-1.20
-5.46
-1.20
-5.46
-1.20
-5.46
-1.20
-5.46
-1.20
-5.46
-1.20
-5.46
-1.20
-5.46
-1.20
-5.46
-1.20
-5.46
-1.20
-5.46
-1.20
-5.46
-1.20
-5.46
-1.20
-5.46
-1.20
-5.46
-1.20
-5.46
-1.20
-5.46
-1.20
-5.46
-1.20
-5.46
-1.20
-5.46
-1.20
-5.46
-1.20
-5.46
-1.20
-5.46
-1.20
-5.46
-1.20
-5.46
-1.20
-5.46
-1.20
-5.46
-1.20
-5.46
-1.20
-5.46
-1.20
-5.46
-1.20
-5.46
-1.20
-5.46
-1.20
-5.46
-1.20
-5.46
-1.20
-5.46
-1.20
-5.46
-1.20
-5.46
-1.20
-5.46
-1.20
-5.46
-1.20
-5.46
-1.20
-5.46
-1.20
-5.46
-1.20
-5.46
-1.20
-5.46
-1.20
-5.46
-1.20
-5.46
-1.20
-5.46
-1.20
-5.46
-1.20
-5.46
-1.20
-5.46
-1.20
-5.46
-1.20
-5.46
-1.20
-5.46
-1.20
-5.46
-1.20
-5.46
-1.20
-5.46
-1.20
-5.46
-1.20
-5.46
-1.20
-5.46
-1.20
-5.46
-1.20
-5.46
-1.20
-5.46
-1.20
-5.46
-1.20
-5.46
-1.20
-5.46
-1.20
-5.46
-1.20
-5.46
-1.20
-5.46
-1.20
-5.46
-1.20
-5.46
-1.20
-5.46
-1.20
-5.46
-1.20
-5.46
-1.20
-5.46
-1.20
-5.46
-1.20
-5.46
-1.20
-5.46
-1.20
-5.46
-1.20
-5.46
-1.20
-5.46
-1.20
-5.46
-1.20
-5.46
-1.20
-5.46
-1.20
-5.46
-1.20
-5.46
-1.20
-5.46
-1.20
-5.46
-1.20
-5.46
-1.20
-5.46
-1.20
-5.46
-1.20
-5.46
-1.20
-5.46
-1.20
-5.46
-1.20
-5.46
-1.20
-5.46
-1.20
-5.46
-1.20
-5.46
-1.20
-5.46
-1.20
-5.46
-1.20
-5.46
-1.20
-5.46
-1.20
-5.46
-1.20
-5.46
-1.20
-5.46
-1.20
-5.46
-1.20
-5.46
-1.20
-5.46
-1.20
-5.46
-1.20
-5.46
-1.20
-5.46
-1.20
-5.46
-1.20
-5.46
-1.20
-5.46
-1.20
-5.46
-1.20
-5.46
-1.20
-5.46
-1.20
-5.46
-1.20
-5.46
-1.20
-5.46
-1.20
-5.46
-1.20
-5.46
-1.20
-5.46
-1.20
-5.46
-1.20
-5.46
-1.20
-5.46
-1.20
-5.46
-1.20
-5.46
-1.20
-5.46
-1.20
-5.46
-1.20
-5.46
-1.20
-5.46
-1.20
-5.46
-1.20
-5.46
-1.20
-5.46
-1.20
-5.46
-1.20
-5.46
-1.20
-5.46
-1.20
-5.46
-1.20
-5.46
-1.20
-5.46
-1.20
-5.46
-1.20
-5.46
-1.20
-5.46
-1.20
-5.46
-1.20
-5.46
-1.20
-5.46
-1.20
-5.46
-1.20
-5.46
-1.20
-5.46
-1.20
-5.46
-1.20
-5.46
-1.20
-5.46
-1.20
-5.46
-1.20
-5.46
-1.20
-5.46
-1.20
-5.46
-1.20
-5.46
-1.20
-5.46
-1.20
-5.46
-1.20
-5.46
-1.20
-5.46
-1.20
-5.46
-1.20
-5.46
-1.20
-5.46
-1.20
-5.46
-1.20
-5.46
-1.20
-5.46
-1.20
-5.46
-1.20
-5.46
-1.20
-5.46
-1.20
-5.46
-1.20
-5.46
-1.20
-5.46
-1.20
-5.46
-1.20
-5.46
-1.20
-5.46
-1.20
-5.46
-1.20
-5.46
-1.20
-5.46
-1.20
-5.46
-1.20
-5.46
-1.20
-5.46
-1.20
-5.46
-1.20
-5.46
-1.20
-5.46
-1.20
-5.46
-1.20
-5.46
-1.20
-5.46
-1.20
-5.46
-1.20
-5.46
-1.20
-5.46
-1.20
-5.46
-1.20
-5.46
-1.20
-5.46
-1.20
-5.46
-1.20
-5.46
-1.20
-5.46
-1.20
-5.46
-1.20
-5.46
-1.20
-5.46
-1.20
-5.46
-1.20
-5.46
-1.20
-5.46
-1.20
-5.46
-1.20
-5.46
-1.20
-5.46
-1.20
-5.46
-1.20
-5.46
-1.20
-5.46
-1.20
-5.46
-1.20
-5.46
-1.20
-5.46
-1.20
-5.46
-1.20
-5.46
-1.20
-5.46
-1.20
-5.46
-1.20
-5.46
-1.20
-5.46
-1.20
-5.46
-1.20
-5.46
-1.20
-5.46
-1.20
-5.46
-1.20
-5.46
-1.20
-5.46
-1.20
-5.46
-1.20
-5.46
-1.20
-5.46
-1.20
-5.46
-1.20
-5.46
-1.20
-5.46
-1.20
-5.46
-1.20
-5.46
-1.20
-5.46
-1.20
-5.46
-1.20
-5.46
-1.20
-5.46
-1.20
-5.46
-1.20
-5.46
-1.20
-5.46
-1.20
-5.46
-1.20
-5.46
-1.20
-5.46
-1.20
-5.46
-1.20
-5.46
-1.20
-5.46
-1.20
-5.46
-1.20
-5.46
-1.20
-5.46
-1.20
-5.46
-1.20
-5.46
-1.20
-5.46
-1.20
-5.46
-1.20
-5.46
-1.20
-5.46
-1.20
-5.46
-1.20
-5.46
-1.20
-5.46
-1.20
-5.46
-1.20
-5.46
-1.20
-5.46
-1.20
-5.46
-1.20
-5.46
-1.20
-5.46
-1.20
-5.46
-1.20
-5.46
-1.20
-5.46
-1.20
-5.46
-1.20
-5.46
-1.20
-5.46
-1.20
-5.46
-1.20
-5.46
-1.20
-5.46
-1.20
-5.46
-1.20
-5.46
-1.20
-5.46
-1.20
-5.46
-1.20
-5.46
-1.20
-5.46
-1.20
-5.46
-1.20
-5.46
-1.20
-5.46
-1.20
-5.46
-1.20
-5.46
-1.20
-5.46
-1.20
-5.46
-1.20
-5.46
-1.20
-5.46
-1.20
-5.46
-1.20
-5.46
-1.20
-5.46
-1.20
-5.46
-1.20
-5.46
-1.20
-5.46
-1.20
-5.46
-1.20
-5.46
-1.20
-5.46
-1.20
-5.46
-1.20
-5.46
-1.20
-5.46
-1.20
-5.46
-1.20
-5.46
-1.20
-5.46
-1.20
-5.46
-1.20
-5.46
-1.20
-5.46
-1.20
-5.46
-1.20
-5.46
-1.20
-5.46
-1.20
-5.46
-1.20
-5.46
-1.20
-5.46
-1.20
-5.46
-1.20
-5.46
-1.20
-5.46
-1.20
-5.46
-1.20
-5.46
-1.20
-5.46
-1.20
-5.46
-1.20
-5.46
-1.20
-5.46
-1.20
-5.46
-1.20
-5.46
-1.20
-5.46
-1.20
-5.46
-1.20
-5.46
-1.20
-5.46
-1.20
-5.46
-1.20
-5.46
-1.20
-5.46
-1.20
-5.46
-1.20
-5.46
-1.20
-5.46
-1.20
-5.46
-1.20
-5.46
-1.20
-5.46
-1.20
-5.46
-1.20
-5.46
-1.20
-5.46
-1.20
-5.46
-1.20
-5.46
-1.20
-5.46
-1.20
-5.46
-1.20
-5.46
-1.20
-5.46
-1.20
-5.46
-1.20
-5.46
-1.20
-5.46
-1.20
-5.46
-1.20
-5.46
-1.20
-5.46
-1.20
-5.46
-1.20
-5.46
-1.20
-5.46
-1.20
-5.46
-1.20
-5.46
-1.20
-5.46
-1.20
-5.46
-1.20
-5.46
-1.20
-5.46
-1.20
-5.46
-1.20
-5.46
-1.20
-5.46
-1.20
-5.46
-1.20
-5.46
-1.20
-5.46
-1.20
-5.46
-1.20
-5.46
-1.20
-5.46
-1.20
-5.46
-1.20
-5.46
-1.20
-5.46
-1.20
-5.46
-1.20
-5.46
-1.20
-5.46
-1.20
-5.46
-1.20
-5.46
-1.20
-5.46
-1.20
-5.46
-1.20
-5.46
-1.20
-5.46
-1.20
-5.46
-1.20
-5.46
-1.20
-5.46
-1.20
-5.46
-1.20
-5.46
