-0.990158
-0.99
-0.99
-0.99
-0.99
-0.98
-0.97
-0.96
-0.94
-0.93
-0.90
-0.88
-0.86
-0.84
-0.80
-0.77
-0.73
-0.70
-0.67
-0.63
-0.58
-0.53
-0.49
-0.45
-0.41
-0.36
-0.30
-0.24
-0.19
-0.15
-0.10
-0.05
0.01
0.06
0.11
0.16
0.21
0.25
0.31
0.37
0.42
0.46
0.50
0.54
0.59
0.64
0.68
0.71
0.74
0.77
0.81
0.85
0.88
0.89
0.91
0.93
0.96
0.97
0.98
0.99
1.00
1.00
1.01
1.00
1.00
0.99
0.98
0.97
0.96
0.93
0.91
0.90
0.88
0.85
0.81
0.78
0.75
0.71
0.68
0.64
0.59
0.55
0.51
0.46
0.42
0.37
0.31
0.26
0.21
0.17
0.12
0.06
0.01
-0.05
-0.10
-0.15
-0.19
-0.24
-0.30
-0.36
-0.40
-0.44
-0.48
-0.53
-0.58
-0.63
-0.66
-0.70
-0.73
-0.77
-0.80
-0.84
-0.86
-0.88
-0.90
-0.92
-0.94
-0.96
-0.97
-0.98
-0.99
-0.99
-0.99
-0.99
-0.99
-0.98
-0.98
-0.96
-0.94
-0.93
-0.91
-0.89
-0.87
-0.84
-0.80
-0.77
-0.74
-0.71
-0.67
-0.63
-0.58
-0.54
-0.50
-0.46
-0.41
-0.36
-0.30
-0.25
-0.20
-0.16
-0.12
-0.06
0.01
0.06
0.10
0.15
0.20
0.25
0.31
0.36
0.41
0.45
0.49
0.54
0.59
0.64
0.67
0.71
0.74
0.77
0.81
0.84
0.87
0.89
0.91
0.93
0.96
0.97
0.98
0.99
1.00
1.00
1.01
1.00
1.00
0.99
0.99
0.97
0.96
0.94
0.92
0.90
0.88
0.85
0.81
0.78
0.75
0.72
0.69
0.64
0.59
0.55
0.51
0.47
0.43
0.37
0.31
0.26
0.22
0.17
0.13
0.06
0.01
-0.04
-0.09
-0.14
-0.18
-0.24
-0.30
-0.35
-0.39
-0.43
-0.48
-0.53
-0.58
-0.62
-0.66
-0.69
-0.72
-0.77
-0.80
-0.83
-0.86
-0.88
-0.90
-0.92
-0.94
-0.96
-0.97
-0.98
-0.99
-0.99
-0.99
-0.99
-0.99
-0.99
-0.98
-0.96
-0.94
-0.93
-0.91
-0.89
-0.87
-0.84
-0.80
-0.78
-0.75
-0.71
-0.68
-0.63
-0.59
-0.54
-0.50
-0.47
-0.42
-0.36
-0.31
-0.26
-0.21
-0.17
-0.12
-0.06
0.01
0.05
0.09
0.14
0.19
0.25
0.31
0.35
0.40
0.44
0.49
0.54
0.59
0.63
0.66
0.70
0.73
0.77
0.81
0.84
0.86
0.89
0.91
0.93
0.96
0.97
0.98
0.99
1.00
1.00
1.01
1.00
1.00
1.00
0.99
0.97
0.96
0.94
0.92
0.91
0.88
0.85
0.82
0.79
0.76
0.73
0.69
0.64
0.60
0.56
0.52
0.48
0.43
0.37
0.32
0.27
0.23
0.19
0.13
0.06
0.01
-0.03
-0.08
-0.13
-0.18
-0.24
-0.30
-0.34
-0.38
-0.43
-0.48
-0.53
-0.58
-0.61
-0.65
-0.68
-0.72
-0.77
-0.80
-0.82
-0.85
-0.87
-0.90
-0.92
-0.94
-0.95
-0.97
-0.98
-0.99
-0.99
-0.99
-0.99
-0.99
-0.99
-0.98
-0.96
-0.95
-0.93
-0.92
-0.90
-0.87
-0.84
-0.81
-0.78
-0.75
-0.72
-0.68
-0.63
-0.59
-0.55
-0.51
-0.47
-0.42
-0.36
-0.31
-0.27
-0.23
-0.18
-0.12
-0.06
-0.00
0.04
0.08
0.13
0.19
0.25
0.30
0.34
0.39
0.43
0.49
0.54
0.58
0.62
0.66
0.69
0.73
0.77
0.81
0.83
0.86
0.88
0.91
0.93
0.95
0.96
0.97
0.99
1.00
1.00
1.00
1.00
1.00
1.00
0.99
0.97
0.96
0.94
0.93
0.91
0.88
0.85
0.82
0.79
0.77
0.73
0.69
0.64
0.60
0.57
0.53
0.49
0.43
0.37
0.33
0.28
0.24
0.19
0.13
0.07
0.02
-0.02
-0.07
-0.12
-0.18
-0.24
-0.29
-0.33
-0.37
-0.42
-0.48
-0.53
-0.57
-0.61
-0.64
-0.68
-0.72
-0.76
-0.79
-0.82
-0.85
-0.87
-0.90
-0.92
-0.94
-0.95
-0.97
-0.98
-0.99
-0.99
-0.99
-0.99
-0.99
-0.99
-0.98
-0.96
-0.95
-0.94
-0.92
-0.90
-0.87
-0.84
-0.81
-0.79
-0.76
-0.72
-0.68
-0.64
-0.60
-0.56
-0.52
-0.48
-0.42
-0.37
-0.32
-0.28
-0.24
-0.18
-0.12
-0.06
-0.02
0.03
0.07
0.13
0.19
0.25
0.29
0.33
0.38
0.43
0.49
0.54
0.57
0.61
0.65
0.69
0.73
0.77
0.80
0.83
0.85
0.88
0.91
0.93
0.95
0.96
0.97
0.99
1.00
1.00
1.00
1.00
1.00
1.00
0.99
0.97
0.96
0.95
0.93
0.91
0.88
0.85
0.83
0.80
0.77
0.74
0.69
0.65
0.61
0.58
0.54
0.49
0.43
0.38
0.34
0.29
0.25
0.19
0.13
0.07
0.03
-0.01
-0.06
-0.12
-0.18
-0.23
-0.28
-0.32
-0.36
-0.42
-0.47
-0.52
-0.56
-0.60
-0.64
-0.68
-0.72
-0.76
-0.79
-0.81
-0.84
-0.87
-0.90
-0.92
-0.93
-0.95
-0.96
-0.98
-0.99
-0.99
-0.99
-0.99
-0.99
-0.99
-0.98
-0.97
-0.95
-0.94
-0.92
-0.90
-0.87
-0.85
-0.82
-0.79
-0.77
-0.72
-0.68
-0.64
-0.61
-0.57
-0.53
-0.48
-0.42
-0.37
-0.33
-0.29
-0.24
-0.18
-0.12
-0.07
-0.02
0.02
0.07
0.13
0.19
0.24
0.28
0.32
0.37
0.43
0.49
0.53
0.56
0.60
0.64
0.69
0.73
0.76
0.79
0.82
0.85
0.88
0.91
0.93
0.94
0.96
0.97
0.99
1.00
1.00
1.00
1.01
1.00
1.00
0.99
0.98
0.96
0.95
0.93
0.91
0.89
0.86
0.84
0.81
0.77
0.74
0.69
0.66
0.62
0.59
0.54
0.49
0.43
0.39
0.35
0.30
0.25
0.19
0.13
0.09
0.04
-0.00
-0.06
-0.12
-0.18
-0.22
-0.27
-0.31
-0.36
-0.42
-0.47
-0.51
-0.55
-0.59
-0.63
-0.68
-0.72
-0.75
-0.78
-0.80
-0.84
-0.87
-0.90
-0.92
-0.93
-0.95
-0.96
-0.98
-0.99
-0.99
-0.99
-0.99
-0.99
-0.99
-0.98
-0.97
-0.96
-0.94
-0.92
-0.90
-0.87
-0.85
-0.83
-0.80
-0.77
-0.72
-0.68
-0.65
-0.62
-0.58
-0.53
-0.48
-0.43
-0.39
-0.34
-0.30
-0.25
-0.18
-0.13
-0.08
-0.04
0.01
0.06
0.13
0.18
0.23
0.27
0.31
0.37
0.43
0.48
0.52
0.56
0.60
0.64
0.69
0.73
0.76
0.79
0.81
0.85
0.88
0.90
0.92
0.94
0.96
0.97
0.99
0.99
1.00
1.00
1.01
1.00
1.00
0.99
0.98
0.97
0.96
0.93
0.91
0.89
0.86
0.84
0.81
0.77
0.73
0.70
0.66
0.63
0.59
0.54
0.49
0.44
0.40
0.36
0.31
0.25
0.19
0.14
0.10
0.05
0.01
-0.06
-0.12
-0.17
-0.21
-0.26
-0.30
-0.36
-0.42
-0.46
-0.50
-0.54
-0.58
-0.63
-0.68
-0.71
-0.74
-0.77
-0.80
-0.84
-0.87
-0.89
-0.91
-0.93
-0.94
-0.96
-0.98
-0.98
-0.99
-0.99
-0.99
-0.99
-0.99
-0.98
-0.97
-0.96
-0.94
-0.92
-0.90
-0.88
-0.86
-0.83
-0.80
-0.77
-0.72
-0.69
-0.66
-0.63
-0.58
-0.53
-0.48
-0.44
-0.39
-0.35
-0.30
-0.24
-0.18
-0.14
-0.09
-0.05
0.01
0.06
0.12
0.17
0.22
0.26
0.31
0.37
0.43
0.47
0.51
0.55
0.59
0.64
0.69
0.72
0.75
0.78
0.81
0.85
0.88
0.90
0.92
0.94
0.96
0.97
0.99
0.99
1.00
1.00
1.01
1.00
1.00
0.99
0.98
0.97
0.96
0.93
0.91
0.89
0.87
0.85
0.81
0.78
0.74
0.71
0.67
0.64
0.59
0.54
0.50
0.45
0.41
0.37
0.31
0.25
0.20
0.15
0.11
0.06
0.01
-0.06
-0.11
-0.16
-0.20
-0.25
-0.30
-0.36
-0.41
-0.45
-0.49
-0.53
-0.58
-0.63
-0.67
-0.70
-0.74
-0.77
-0.80
-0.84
-0.87
-0.89
-0.91
-0.93
-0.94
-0.96
-0.97
-0.98
-0.99
-0.99
-0.99
-0.99
-0.99
-0.98
-0.97
-0.96
-0.94
-0.92
-0.90
-0.88
-0.86
-0.84
-0.80
-0.77
-0.73
-0.70
-0.67
-0.63
-0.58
-0.53
-0.49
-0.45
-0.41
-0.36
-0.30
-0.25
-0.19
-0.15
-0.11
-0.06
0.01
0.06
0.11
0.16
0.21
0.25
0.31
