0.0419073
0.045283
0.0514555
0.062053
0.0798989
0.114116
0.201602
0.831348
0.404785
0.165586
0.105086
0.0776065
0.0619254
0.0516562
0.0444428
0.0391998
0.0351342
0.0317891
0.0291869
0.0269231
0.0249227
0.0235417
0.0219448
0.020688
0.0197039
0.0186778
0.0177566
0.0170073
0.0163032
0.0156094
0.0150329
0.0143607
0.013784
0.0134916
0.013065
0.0127468
0.0122501
0.0119308
0.0116046
0.0112708
0.0110457
0.0103634
0.0102777
0.0100318
0.00978927
0.00956466
0.00937307
0.00914428
0.0089386
0.00879859
0.00856815
0.00840309
0.00829752
0.00802014
0.00791742
0.00771959
0.00770207
0.00752719
0.00736613
0.00723719
0.00712541
0.00703212
0.00697138
0.00677563
0.00664722
0.00658797
0.00637791
0.00626624
0.00626985
0.00619231
0.00605294
0.00600229
0.00593988
0.0058664
0.00551199
0.00567696
0.00557569
0.00549021
0.00541594
0.00535365
0.00526071
0.00526429
0.0052619
0.00513538
0.00504708
0.0050346
0.00496821
0.00489518
0.00480754
0.00469251
0.00475568
0.00471339
0.00467923
0.00458847
0.00458367
0.00443579
0.00440982
0.00447616
0.00437417
0.00414853
0.00425829
0.00424564
0.00416863
0.00413656
0.00413065
0.00409206
0.0040666
0.00421307
0.00389613
0.00393223
0.00393457
0.00386851
0.0038297
0.00374563
0.00374817
0.00370723
0.00368891
0.00367172
0.00359282
0.00359753
0.00357507
0.00361122
0.00355492
0.00344407
0.00328319
0.00339892
0.00343574
0.0033927
0.00334293
0.00334627
0.00328856
0.00327621
0.0031706
0.00324825
0.00325668
0.00316519
0.00307386
0.00307429
0.00304256
0.00302452
0.00295103
0.00317259
0.00302343
0.00304137
0.00308538
0.00296511
0.00295693
0.00292299
0.00290405
0.00274927
0.00279156
0.00280636
0.00272834
0.00277043
0.00269372
0.0025897
0.00251624
0.00223617
0.00212531
0.0037173
0.00315621
0.00308771
0.00293882
0.00293763
0.00282428
0.00283822
0.00270475
0.0027318
0.00267442
0.00276274
0.00266569
0.00269836
0.00273373
0.00266407
0.00300815
0.00455962
0.00250902
0.00250021
0.00253777
0.00247371
0.00252047
0.00244466
0.00238784
0.00248029
0.00243096
0.00246451
0.00245293
0.00243221
0.00238314
0.002406
0.00256608
0.00218248
0.00226333
0.00225762
0.00224789
0.0022826
0.00225408
0.00222301
0.00211553
0.00268392
0.00233654
0.00226261
0.00221099
0.00226567
0.00221799
0.0022387
0.00223841
0.00220837
0.00218335
0.00219351
0.00217321
0.00216601
0.00216417
0.00214001
0.00216464
0.00227311
0.00201412
0.00207858
0.0021089
0.00209394
0.00207922
0.00207758
0.002052
0.00205606
0.00196783
0.00198893
0.0020346
0.00205102
0.00200748
0.00203459
0.00199447
0.00197126
0.00195916
0.00199182
0.00200733
0.0019729
0.00194517
0.00191055
0.00189963
0.00193719
0.0018245
0.00197996
0.00193051
0.00192677
0.00195329
0.00192806
0.00191821
0.00194929
0.00192923
0.00178141
0.00179537
0.00187406
0.00185667
0.0018623
0.00184129
0.00183975
0.00181806
0.00187258
0.00179391
0.00185029
0.00182662
0.00177653
0.00180937
0.00174271
0.00182372
0.00177562
0.00177345
0.00180297
0.00179098
0.00173347
0.00178158
0.00173546
0.00177569
0.00173202
0.00178543
0.00168812
0.0017488
0.00173429
0.0017236
0.00170922
0.001715
0.00166951
0.00130343
0.00168494
0.00172548
0.00171408
0.00172981
0.0016738
0.00167849
0.00162895
0.00160011
0.0017115
0.00163479
0.00165481
0.00164842
0.0016136
0.00166963
0.00157361
0.00154375
0.00183214
0.00165517
0.00163517
0.00163738
0.00163817
0.00162498
0.00162505
0.00162504
0.00160256
0.00169375
0.00159907
0.00160384
0.00158561
0.00164604
0.00162624
0.00160477
0.00173187
0.00159086
0.00152741
0.00156874
0.00152124
0.00148879
0.00165164
0.00156037
0.00158852
0.0015402
0.00159488
0.00161585
0.00152273
0.00153262
0.00156959
0.00152358
0.00153101
0.00199903
0.00153298
0.00149607
0.00152455
0.00151514
0.00147539
0.00153238
0.00149244
0.00153129
0.0013956
0.00100459
0.00181148
0.00164399
0.00157331
0.00153819
0.00153965
0.00157809
0.00152005
0.00149174
0.00151087
0.00151324
0.00149424
0.001496
0.00147079
0.00149262
0.00144942
0.00148207
0.00146824
0.00146526
0.00149443
0.0014752
0.00147096
0.001467
0.00141117
0.00161612
0.00138388
0.00144785
0.00144058
0.00146067
0.00145717
0.001464
0.00147223
0.00143335
0.00141741
0.0014319
0.00140302
0.0014401
0.00144748
0.00139102
0.0014202
0.00141622
0.00144132
0.00143145
0.00141153
0.00139209
0.00140335
0.001417
0.00137185
0.00142112
0.00142436
0.00145738
0.0014202
0.00140597
0.00142332
0.00136762
0.00140601
0.00143539
0.00134553
0.0014594
0.00138938
0.00141216
0.00138305
0.00135212
0.00140459
0.00139055
0.00134384
0.00135305
0.0014005
0.00138921
0.00140538
0.0013839
0.0013759
0.00138621
0.00152009
0.00132965
0.00137408
0.00137123
0.00136857
0.00138024
0.00138727
0.00140409
0.00140649
0.00136114
0.00130945
0.00133953
0.00132243
0.00137781
0.00133997
0.00134085
0.00134433
0.00132182
0.00130373
0.00135041
0.00135514
0.0013683
0.00135653
0.00135072
0.0013584
0.00138479
0.00132078
0.00131154
0.00133784
0.00132812
0.00134878
0.00132168
0.00130055
0.00124806
0.00133401
0.00148037
0.00135911
0.00135795
0.00136414
0.00137643
0.00134115
0.00134174
0.00134185
0.00141806
0.00132878
0.0013856
0.00134582
0.00135483
0.00132622
0.00132609
0.00132322
0.00128632
0.00137935
0.00134501
0.00134401
0.00134989
0.001332
0.00129818
0.00135449
0.00133121
0.001343
0.00134315
0.00136949
0.00133424
0.00132849
0.00134778
0.00136075
0.00128951
0.00122634
0.00131981
0.00131512
0.0012745
0.00134399
0.00129292
0.00130756
0.00134607
0.00140721
0.00133128
0.0014397
0.00129177
0.00129606
0.00133662
0.00134045
0.00137011
0.00126894
0.00137011
0.00134045
0.00133662
0.00129606
0.00129177
0.0014397
0.00133128
0.00140721
0.00134607
0.00130756
0.00129292
0.00134399
0.0012745
0.00131512
0.00131981
0.00122634
0.00128951
0.00136075
0.00134778
0.00132849
0.00133424
0.00136949
0.00134315
0.001343
0.00133121
0.00135449
0.00129818
0.001332
0.00134989
0.00134401
0.00134501
0.00137935
0.00128632
0.00132322
0.00132609
0.00132622
0.00135483
0.00134582
0.0013856
0.00132878
0.00141806
0.00134185
0.00134174
0.00134115
0.00137643
0.00136414
0.00135795
0.00135911
0.00148037
0.00133401
0.00124806
0.00130055
0.00132168
0.00134878
0.00132812
0.00133784
0.00131154
0.00132078
0.00138479
0.0013584
0.00135072
0.00135653
0.0013683
0.00135514
0.00135041
0.00130373
0.00132182
0.00134433
0.00134085
0.00133997
0.00137781
0.00132243
0.00133953
0.00130945
0.00136114
0.00140649
0.00140409
0.00138727
0.00138024
0.00136857
0.00137123
0.00137408
0.00132965
0.00152009
0.00138621
0.0013759
0.0013839
0.00140538
0.00138921
0.0014005
0.00135305
0.00134384
0.00139055
0.00140459
0.00135212
0.00138305
0.00141216
0.00138938
0.0014594
0.00134553
0.00143539
0.00140601
0.00136762
0.00142332
0.00140597
0.0014202
0.00145738
0.00142436
0.00142112
0.00137185
0.001417
0.00140335
0.00139209
0.00141153
0.00143145
0.00144132
0.00141622
0.0014202
0.00139102
0.00144748
0.0014401
0.00140302
0.0014319
0.00141741
0.00143335
0.00147223
0.001464
0.00145717
0.00146067
0.00144058
0.00144785
0.00138388
0.00161612
0.00141117
0.001467
0.00147096
0.0014752
0.00149443
0.00146526
0.00146824
0.00148207
0.00144942
0.00149262
0.00147079
0.001496
0.00149424
0.00151324
0.00151087
0.00149174
0.00152005
0.00157809
0.00153965
0.00153819
0.00157331
0.00164399
0.00181148
0.00100459
0.0013956
0.00153129
0.00149244
0.00153238
0.00147539
0.00151514
0.00152455
0.00149607
0.00153298
0.00199903
0.00153101
0.00152358
0.00156959
0.00153262
0.00152273
0.00161585
0.00159488
0.0015402
0.00158852
0.00156037
0.00165164
0.00148879
0.00152124
0.00156874
0.00152741
0.00159086
0.00173187
0.00160477
0.00162624
0.00164604
0.00158561
0.00160384
0.00159907
0.00169375
0.00160256
0.00162504
0.00162505
0.00162498
0.00163817
0.00163738
0.00163517
0.00165517
0.00183214
0.00154375
0.00157361
0.00166963
0.0016136
0.00164842
0.00165481
0.00163479
0.0017115
0.00160011
0.00162895
0.00167849
0.0016738
0.00172981
0.00171408
0.00172548
0.00168494
0.00130343
0.00166951
0.001715
0.00170922
0.0017236
0.00173429
0.0017488
0.00168812
0.00178543
0.00173202
0.00177569
0.00173546
0.00178158
0.00173347
0.00179098
0.00180297
0.00177345
0.00177562
0.00182372
0.00174271
0.00180937
0.00177653
0.00182662
0.00185029
0.00179391
0.00187258
0.00181806
0.00183975
0.00184129
0.0018623
0.00185667
0.00187406
0.00179537
0.00178141
0.00192923
0.00194929
0.00191821
0.00192806
0.00195329
0.00192677
0.00193051
0.00197996
0.0018245
0.00193719
0.00189963
0.00191055
0.00194517
0.0019729
0.00200733
0.00199182
0.00195916
0.00197126
0.00199447
0.00203459
0.00200748
0.00205102
0.0020346
0.00198893
0.00196783
0.00205606
0.002052
0.00207758
0.00207922
0.00209394
0.0021089
0.00207858
0.00201412
0.00227311
0.00216464
0.00214001
0.00216417
0.00216601
0.00217321
0.00219351
0.00218335
0.00220837
0.00223841
0.0022387
0.00221799
0.00226567
0.00221099
0.00226261
0.00233654
0.00268392
0.00211553
0.00222301
0.00225408
0.0022826
0.00224789
0.00225762
0.00226333
0.00218248
0.00256608
0.002406
0.00238314
0.00243221
0.00245293
0.00246451
0.00243096
0.00248029
0.00238784
0.00244466
0.00252047
0.00247371
0.00253777
0.00250021
0.00250902
0.00455962
0.00300815
0.00266407
0.00273373
0.00269836
0.00266569
0.00276274
0.00267442
0.0027318
0.00270475
0.00283822
0.00282428
0.00293763
0.00293882
0.00308771
0.00315621
0.0037173
0.00212531
0.00223617
0.00251624
0.0025897
0.00269372
0.00277043
0.00272834
0.00280636
0.00279156
0.00274927
0.00290405
0.00292299
0.00295693
0.00296511
0.00308538
0.00304137
0.00302343
0.00317259
0.00295103
0.00302452
0.00304256
0.00307429
0.00307386
0.00316519
0.00325668
0.00324825
0.0031706
0.00327621
0.00328856
0.00334627
0.00334293
0.0033927
0.00343574
0.00339892
0.00328319
0.00344407
0.00355492
0.00361122
0.00357507
0.00359753
0.00359282
0.00367172
0.00368891
0.00370723
0.00374817
0.00374563
0.0038297
0.00386851
0.00393457
0.00393223
0.00389613
0.00421307
0.0040666
0.00409206
0.00413065
0.00413656
0.00416863
0.00424564
0.00425829
0.00414853
0.00437417
0.00447616
0.00440982
0.00443579
0.00458367
0.00458847
0.00467923
0.00471339
0.00475568
0.00469251
0.00480754
0.00489518
0.00496821
0.0050346
0.00504708
0.00513538
0.0052619
0.00526429
0.00526071
0.00535365
0.00541594
0.00549021
0.00557569
0.00567696
0.00551199
0.0058664
0.00593988
0.00600229
0.00605294
0.00619231
0.00626985
0.00626624
0.00637791
0.00658797
0.00664722
0.00677563
0.00697138
0.00703212
0.00712541
0.00723719
0.00736613
0.00752719
0.00770207
0.00771959
0.00791742
0.00802014
0.00829752
0.00840309
0.00856815
0.00879859
0.0089386
0.00914428
0.00937307
0.00956466
0.00978927
0.0100318
0.0102777
0.0103634
0.0110457
0.0112708
0.0116046
0.0119308
0.0122501
0.0127468
0.013065
0.0134916
0.013784
0.0143607
0.0150329
0.0156094
0.0163032
0.0170073
0.0177566
0.0186778
0.0197039
0.020688
0.0219448
0.0235417
0.0249227
0.0269231
0.0291869
0.0317891
0.0351342
0.0391998
0.0444428
0.0516562
0.0619254
0.0776065
0.105086
0.165586
0.404785
0.831348
0.201602
0.114116
0.0798989
0.062053
0.0514555
0.045283
0.0419073
